 99001.00m 9.99999E+09 0.00000E+00   20030102 
xsecs for OECD benchmarks - geometries with voids                                
 
 
 
 
       11    99001        0        0        1        0        0        0 
        0        1        0        1        0        0        0        0 
        1        3        4        5        6        7        0        0 
        0        0        0        0        8        0        0       10 
       11        0        0        0        0        0        0        0 
        0        0        0        0        0        0        0        0 
                  50                 100                   1                   0 
                   0                   1                   1                   9 
                   0                   0                   0                     
 
