1.572051504729403654e-04	4.298699505278701186e-05
1.528632526260629350e-04	3.962454890027502374e-05
1.502301910910992463e-04	3.930917947294093644e-05
1.399515921060411473e-04	4.111509320394556705e-05
1.293738129955546493e-04	4.288728138958913799e-05
1.352145338690170112e-04	3.933751185328345152e-05
1.369224174747256753e-04	3.950064513687665061e-05
1.486895692911708168e-04	3.863955657337694584e-05
1.387023206194165290e-04	3.887653487029083134e-05
1.492339604735474286e-04	4.314850530571446083e-05
1.463254765337347466e-04	4.396588807215457529e-05
1.411782288376236779e-04	4.368071666706191945e-05
1.444427363297622155e-04	4.324981305573084048e-05
1.417069357621898913e-04	4.244790461609665281e-05
1.373876936750735361e-04	4.087520051382036840e-05
1.361696614915623488e-04	3.966037433324907317e-05
1.383284379078175729e-04	4.045329408320745286e-05
1.383909275425100377e-04	4.013026043063502819e-05
1.247623336359562603e-04	4.025272494052533435e-05
1.275521144083159250e-04	3.968720058904643224e-05
1.208718503853415868e-04	3.979112110118611205e-05
1.195510432771949594e-04	4.234269811777810667e-05
1.076381853730991426e-04	4.270109998489952029e-05
1.178041294301303087e-04	4.069263829654351885e-05
1.139299964966103255e-04	4.278265013245089035e-05
1.167736103093056039e-04	4.205918218525856323e-05
1.143844059885345334e-04	4.191852647209792603e-05
1.197754004646224254e-04	4.162095490647391220e-05
1.200661366345455547e-04	4.157250492906910440e-05
1.102156282288912321e-04	4.149650681267726512e-05
1.142088124296427405e-04	3.834662338990865862e-05
1.264808642045187601e-04	3.698955067080301166e-05
1.268427705223178280e-04	3.756903742641788690e-05
1.205344468132036592e-04	3.792521366997282179e-05
1.171966752695357574e-04	3.619009631393851824e-05
1.170126808613442844e-04	4.234558522981975300e-05
1.256811729598165993e-04	4.356290076532651196e-05
1.297086844571224888e-04	4.060962906486496752e-05
1.329958167896591657e-04	3.880402400410420884e-05
1.247131615624670284e-04	3.920221576536784099e-05
1.286653643145178189e-04	4.253450092155375138e-05
1.203132044092855303e-04	4.085213226997414274e-05
1.172147300895550484e-04	3.967909821774926577e-05
1.316120346112035783e-04	4.152952398426211603e-05
1.164855853444746392e-04	4.015711075090929989e-05
1.153578072987414336e-04	4.209691691036558431e-05
1.129488816523856095e-04	4.089729039102326475e-05
1.117471872515984763e-04	3.933638499612885340e-05
1.042677207723188197e-04	4.004260418698591062e-05
1.146627066028059374e-04	3.946529297547111568e-05
1.096968718353040251e-04	3.887448290763517917e-05
1.074774620731593181e-04	3.934434386681773921e-05
1.215409695431811913e-04	4.045974540868123840e-05
1.169372260514515733e-04	4.090127057035458728e-05
1.190802321410714803e-04	4.023335911257543688e-05
1.256600874337490562e-04	4.199949885743238867e-05
1.246919428104197578e-04	4.152719620863200100e-05
1.202187021647454487e-04	4.288623433808714543e-05
1.272424406081339751e-04	4.252729771570401280e-05
1.224182491169478065e-04	4.129561895131539574e-05
1.158305635230943385e-04	4.056520882354778417e-05
1.217403389925188125e-04	3.808672051871475438e-05
1.153335837736615607e-04	4.083077612210149661e-05
1.151076931248309757e-04	3.831024428990857119e-05
1.174370701979053031e-04	3.749422241128543757e-05
1.221341660960903117e-04	4.105598063432908953e-05
1.295073096571077950e-04	4.153023468079164259e-05
1.254496294812854811e-04	4.011781771201983638e-05
1.165450510477542294e-04	4.046375671968740177e-05
1.138117526909452281e-04	4.207835435799259439e-05
1.170585719342914473e-04	4.199291650592051385e-05
1.176565752813300326e-04	4.156792199779669696e-05
1.166627852508473804e-04	4.089984764385367651e-05
1.165928351302797204e-04	4.161476358204842604e-05
1.199654852352024495e-04	4.220206532828804706e-05
1.132058917845025104e-04	4.284830316148015262e-05
1.168618237768217724e-04	4.319955941594456157e-05
1.113498071340507920e-04	4.458432699650741876e-05
1.226621389923692894e-04	4.527103883318996710e-05
1.257172652495457598e-04	4.541070293722190610e-05
1.193238149012103901e-04	4.606086492804968991e-05
1.197648527734646777e-04	4.741572860422734522e-05
1.095237569548675085e-04	4.640833214081373367e-05
1.067345608355274177e-04	4.218035530200026350e-05
1.113870015049286374e-04	4.438742225908171154e-05
1.127634691699157450e-04	4.284504720987764324e-05
1.109670770489718812e-04	4.240768127854910752e-05
1.115311420201087265e-04	4.492337729149989845e-05
1.085806530760566742e-04	4.655853917135998113e-05
1.121184293072711693e-04	4.652939360481674356e-05
1.126095327674404942e-04	4.708773329037228291e-05
1.111510070465549698e-04	4.521855195788645332e-05
1.130235900556984260e-04	4.587499991916502043e-05
1.150714871065422050e-04	4.722711979999827750e-05
1.055657590099639528e-04	4.722623766672631073e-05
1.133803894973182437e-04	4.648812917153733029e-05
1.198224202838147414e-04	4.930812375230646027e-05
1.110530831258679736e-04	5.054828515255237274e-05
1.103760919868512433e-04	4.912460887734093379e-05
1.049268197289228069e-04	4.886119062716331118e-05
9.848503586720353821e-05	5.113577111630239404e-05
9.497420160501664601e-05	5.053830079443391251e-05
9.857623069148658353e-05	5.231104289559554432e-05
1.051294665091927964e-04	5.398937285307250076e-05
1.065259309579119976e-04	5.297871462658182114e-05
1.032507959139865620e-04	5.009315864394261732e-05
1.080985009422385173e-04	5.316353263337488433e-05
1.139648343938886536e-04	5.473619286726777591e-05
1.109648492912413819e-04	5.717344540110410407e-05
1.087508340936511360e-04	5.436481928341769539e-05
1.156897894959364232e-04	5.355545060064476688e-05
1.079816861034788082e-04	5.652731215918131225e-05
1.069024733565821628e-04	5.275133117881872035e-05
1.046893368198375916e-04	5.541070959457287915e-05
1.086943581585600335e-04	5.461925750220568166e-05
1.059083040091677371e-04	5.401929647286507599e-05
1.075877295193260365e-04	5.594508890247552397e-05
1.108064224581793017e-04	5.674239774055008325e-05
1.162014363311025637e-04	5.719697049252102166e-05
1.088982419833689030e-04	5.851372598526938517e-05
9.993663007002012428e-05	5.885562693143067030e-05
1.051422519381954617e-04	6.097201316707478286e-05
1.002646675625998041e-04	6.086333649167121349e-05
9.713575287096360799e-05	5.848230764327935467e-05
9.276278345124385231e-05	6.745107292058331048e-05
8.571327545463284191e-05	7.689707056741649951e-05
8.212749535740230861e-05	8.021860953667831623e-05
8.291548704104585493e-05	8.548514643112051030e-05
7.961634461273318409e-05	8.681663209907905564e-05
7.522315163145002566e-05	8.730188661460906501e-05
7.179287540781599964e-05	8.459973492687449187e-05
7.192897353985030432e-05	7.964669718319231095e-05
6.876403699721861027e-05	8.356657925005755289e-05
6.744046144678166922e-05	8.289682757259996719e-05
6.576571116016904765e-05	8.355113375827318868e-05
6.495200150403886142e-05	8.291238633661021315e-05
6.354777056161871036e-05	9.025858986977421659e-05
6.229851120230153749e-05	8.920645665434415303e-05
6.222360633317015877e-05	9.139116351635600654e-05
6.377376129818017748e-05	8.977015883406070707e-05
6.077881202904110165e-05	8.969225294188348373e-05
6.029469868246742733e-05	8.879014509903420988e-05
5.915825291259700511e-05	9.629945322760767330e-05
5.841642325754179896e-05	9.655944137395900990e-05
5.787263246864468114e-05	9.528753370609904739e-05
5.724142863252810152e-05	8.981822250249472711e-05
5.746013535997014226e-05	8.660614502598369842e-05
5.708128621817093370e-05	9.279824123644713385e-05
5.685941640815450474e-05	9.617757569935210624e-05
5.759282011500556971e-05	1.044954439630910436e-04
5.653168823660389514e-05	9.909007673519607982e-05
5.586881046338190666e-05	9.527345510886353944e-05
5.441003146364139397e-05	9.754141794331363136e-05
5.352353159212250332e-05	1.016055268527128649e-04
5.125556881280144913e-05	9.808380147077749725e-05
5.223030710264890691e-05	9.324669929466918960e-05
5.090114258402456300e-05	9.387122789040673696e-05
4.995359672899548199e-05	9.071692458677335766e-05
5.026554353451875840e-05	9.203109232902411936e-05
5.023235408105432883e-05	9.466669238555426374e-05
5.142241112649987216e-05	1.002257219270755032e-04
5.146748020370339402e-05	1.020107774919397337e-04
5.068411952158267204e-05	9.403356834722660759e-05
4.973307357107821150e-05	1.000338851804096526e-04
4.927014173764392754e-05	1.013701774265900082e-04
4.876952814307805882e-05	9.571122169539033632e-05
4.708154909379670211e-05	9.533588178922354267e-05
4.841902058564717182e-05	9.636604695566414799e-05
4.580286781215115935e-05	9.854121419457738916e-05
4.476787914423661712e-05	9.939944870352872058e-05
4.666032924032892626e-05	1.057106881144843680e-04
4.398170413044017059e-05	1.007278039617606492e-04
4.579000710609454887e-05	1.012324684222803842e-04
4.535948302611076484e-05	9.391564159163165427e-05
4.524401805455867799e-05	9.792043495176432739e-05
4.381563788547483516e-05	9.921457647565875605e-05
4.298628528423729202e-05	9.703643992221235753e-05
4.496536361259168338e-05	1.011576527634462088e-04
4.312777188245074021e-05	1.008152196928821753e-04
4.138595533206460659e-05	9.478966132898948539e-05
4.211737860435697529e-05	1.028121037282071261e-04
4.239707822851798393e-05	1.043028523462827516e-04
4.239173095023664580e-05	1.058790002336308574e-04
4.246338884656566753e-05	1.008162321726923993e-04
4.185552612511276037e-05	9.784568731716388596e-05
4.080427598842267166e-05	9.854426316527750359e-05
3.950588078282716133e-05	9.233553768564994012e-05
4.066709233632968552e-05	9.932653055983966433e-05
3.901257620797446695e-05	1.003461805750566210e-04
3.726097301473531786e-05	9.549851562443892447e-05
3.911757314531817773e-05	9.832571218981262179e-05
3.875611712165230810e-05	1.013983818258201958e-04
3.926749799318470944e-05	9.815009168914882759e-05
4.026505344501656172e-05	9.741430274321569562e-05
4.034921916753304931e-05	9.843071723095719319e-05
4.086520620076240686e-05	9.604773316392405916e-05
3.906122015570087067e-05	1.029500905313278044e-04
4.032618159146275280e-05	1.035310242583521446e-04
4.032784258683493441e-05	9.730047950908480290e-05
3.793517378943935035e-05	9.750387298287167869e-05
3.770801933965854907e-05	1.026746431635370361e-04
3.941288952794187337e-05	9.959814524286071148e-05
3.939362394929030658e-05	1.063448178034569360e-04
3.922824215561387744e-05	1.016505919804387128e-04
3.927746188553448895e-05	9.521252550252430385e-05
3.827689766736970143e-05	1.015907900152840886e-04
3.905617524975518495e-05	9.758790760399690793e-05
3.855772610362621027e-05	9.811268492498129948e-05
4.083593968710485958e-05	9.621923317188050726e-05
3.985763345146020538e-05	1.008737079361865958e-04
3.915295069252122814e-05	9.700457762859649260e-05
3.909204736652836088e-05	1.050037177845439983e-04
3.733803426581816341e-05	1.064964962378716680e-04
3.808995030274707786e-05	1.064485682306026888e-04
3.702442210018418146e-05	1.008354397600423928e-04
3.758790397211976553e-05	9.398197659008548585e-05
3.595432389697373053e-05	9.364155563836866936e-05
3.589735176157482304e-05	1.007651068986365102e-04
3.637232298093084242e-05	9.330400787839463242e-05
3.633035127253682128e-05	9.563471473439493214e-05
3.607680303258758834e-05	1.002053174472190313e-04
3.730275598576383357e-05	8.874422494569708187e-05
3.697918738821625125e-05	9.686359587436345299e-05
3.575717891737165106e-05	9.923521886562402356e-05
3.498498375503252277e-05	9.996624780502932916e-05
3.341001518916164207e-05	9.812495074355983248e-05
3.372697861122264472e-05	1.021858705144831686e-04
3.608834521823111468e-05	1.018993516135337750e-04
3.526431228547486366e-05	1.034364241189702669e-04
3.592099805759588736e-05	9.977174753814711014e-05
3.449559396570282192e-05	9.922707926897445852e-05
3.424176727173410998e-05	9.920156421781980505e-05
3.273600505033220882e-05	9.748594539851651738e-05
3.491174362002413036e-05	1.007288827132620516e-04
3.503063674096551798e-05	1.024112076049043293e-04
3.416826304961112791e-05	9.973184067632778402e-05
3.384187934688194825e-05	9.992242648341673455e-05
3.453836443231088067e-05	1.046465189906076924e-04
3.304918988916903341e-05	1.009219772371358360e-04
3.176288886084538572e-05	1.050206173317692887e-04
3.072475040316724319e-05	1.020857983705206906e-04
3.311532471459075047e-05	1.004116223091421360e-04
3.220308852605575185e-05	9.731496036630641461e-05
3.120927396293001138e-05	1.024843160528254073e-04
3.217875828358561030e-05	1.028376340698069184e-04
3.244633226222249018e-05	9.976954713607306068e-05
3.129224706871443001e-05	1.067194601474026632e-04
3.197349621498359306e-05	1.080452526051070518e-04
3.268282098426019897e-05	1.059006495192080433e-04
3.058974860782732015e-05	1.143128978963345944e-04
3.274198517657275065e-05	1.089749972768461368e-04
3.199577541611791303e-05	1.056354164764429737e-04
3.117028840282962772e-05	1.046358001487133089e-04
3.094503154218478070e-05	1.067338908525457264e-04
3.103875179595147102e-05	1.130721889953687436e-04
3.095381790482439402e-05	1.164332376593364801e-04
3.023543277977914392e-05	1.128571991952679400e-04
3.042622883567564838e-05	1.094247407125798692e-04
3.112671640790661703e-05	1.167008785944256784e-04
3.054077288058483112e-05	1.190814181055794625e-04
3.128226008408038083e-05	1.216562089688918481e-04
3.223743174595793766e-05	1.177504277858624273e-04
3.251541579368008150e-05	1.118095941629068224e-04
3.051423586230418803e-05	1.093106802442202549e-04
3.093326766738991094e-05	1.137337970218008293e-04
3.076705991432344695e-05	1.096593739090124641e-04
3.131870430973309426e-05	1.158047581375388634e-04
3.068145825818720875e-05	1.131000601383088273e-04
2.893453600149894746e-05	1.143086015676981251e-04
3.131622843023332297e-05	1.116814678456495131e-04
3.207528810514630093e-05	1.171906649808733254e-04
3.107434386409160728e-05	1.075604744627229963e-04
3.021157839929779288e-05	1.166960158232005333e-04
2.952062235322735210e-05	1.180143833133465706e-04
3.241603367026110098e-05	1.182711886665193713e-04
3.097577554899848306e-05	1.198144719411113417e-04
3.122975350089165450e-05	1.191838172096690627e-04
2.932957704653270527e-05	1.207449662030157426e-04
2.836688238965170186e-05	1.252500960150956767e-04
2.942737904010601197e-05	1.101569271758316964e-04
2.984844803476921341e-05	1.135371952210386830e-04
2.841684437578500061e-05	1.157884152440917937e-04
2.852764136976121482e-05	1.136899792761958752e-04
2.937659570912088482e-05	1.148522657123944064e-04
2.884263319889566972e-05	1.118943517460429062e-04
2.920266829200967196e-05	1.216716608106877798e-04
2.785389177256273189e-05	1.134266839163461306e-04
2.794788523687010350e-05	1.177142523513936519e-04
2.764552576279252882e-05	1.215465401491320243e-04
2.920667009374899403e-05	1.278173873847667744e-04
2.966004017147471868e-05	1.219147999019644070e-04
2.932469928760177822e-05	1.162090094797404229e-04
2.805570958946752207e-05	1.208529688909902935e-04
2.777161096087593810e-05	1.205121420899217522e-04
2.728995151099836565e-05	1.276651082423376242e-04
2.871477986281703774e-05	1.167347842593394202e-04
2.851127634778921781e-05	1.120932442890341366e-04
2.556171017914144790e-05	1.078932294391921786e-04
2.494039843467681081e-05	1.095785922112886752e-04
2.657227124444467279e-05	1.088836292503453054e-04
2.617405829032708425e-05	1.104294179234089018e-04
2.641746580238206284e-05	1.118409965812096183e-04
2.704504828969804195e-05	1.057071605552642837e-04
2.811703174900890420e-05	1.090683172955583780e-04
2.864826582811297125e-05	1.102724741932437574e-04
2.630916952570597816e-05	1.127240444697283014e-04
2.641214100571435150e-05	1.141714312583245176e-04
2.647551180643776259e-05	1.082492816406557568e-04
2.602986667168421831e-05	1.180799334326982476e-04
2.642360673177555661e-05	1.116021317874558598e-04
2.525034049483768512e-05	1.123397083870892184e-04
2.571137010652166111e-05	1.176225995796908346e-04
2.470485247060156465e-05	1.154525855365355364e-04
2.563556303238522505e-05	1.175172825231394656e-04
2.509365060719849545e-05	1.147316703198681851e-04
2.571323651692589642e-05	1.158747444057589267e-04
2.692416279443188092e-05	1.093429180192780249e-04
2.635219059269460900e-05	1.000740172966182843e-04
2.631408191708193574e-05	1.072806533209911948e-04
2.588835839715293512e-05	1.091318173383839407e-04
2.606765894068507688e-05	1.120972421612577424e-04
2.677536359994738189e-05	1.031782371397157219e-04
2.599953807049477236e-05	1.058040725267649405e-04
2.583688056540908688e-05	1.000347997260844253e-04
2.485071430375081322e-05	1.090863215766700969e-04
2.401780683969232129e-05	1.097852468222369315e-04
2.364301490196834521e-05	1.047069549889314638e-04
2.300448392607339971e-05	1.086605297004213089e-04
2.383576382633376781e-05	1.112871770022838493e-04
2.535574582987209526e-05	1.040759269979402781e-04
2.599264069911945822e-05	1.036535410291936055e-04
2.438460878902796043e-05	1.045290956938062335e-04
2.597304925709549326e-05	1.052105316199556485e-04
2.462297225611384687e-05	1.085555044306100005e-04
2.611058153979910993e-05	1.047413512046112971e-04
2.581983504990618050e-05	1.114969880376241875e-04
2.555129439286022425e-05	1.113301343298012900e-04
2.594896713607019984e-05	1.085112902481347359e-04
2.461357161976483409e-05	9.992873040491593467e-05
2.432591975989694573e-05	1.063222228551136654e-04
2.433328193820410185e-05	1.063925629549625744e-04
2.561256183437889440e-05	9.844107214333628264e-05
2.652987918900723418e-05	1.016213878194066156e-04
2.550849526387329529e-05	1.049755287449573266e-04
2.466902717843384409e-05	9.752833143494702480e-05
2.419008134602467042e-05	1.035864213650786869e-04
2.480330472323628456e-05	1.026602123966973670e-04
2.428257518026784409e-05	1.059363153299859692e-04
2.349179423833935843e-05	1.085899393236385653e-04
2.343669707196916458e-05	1.045059830159893584e-04
2.354814649301900477e-05	9.712041785869845361e-05
2.418638032867510051e-05	1.024195442710161921e-04
2.452299952840404453e-05	1.074131577641052022e-04
2.341880193409691895e-05	1.018868194303938394e-04
2.437429770117611653e-05	8.840230405891189014e-05
2.282837883472871931e-05	9.517346337997297455e-05
2.424296570464910328e-05	9.716316476011785288e-05
2.441511709081506357e-05	9.287296670274553694e-05
2.530029623575542024e-05	9.113709785166267726e-05
2.469516286509776431e-05	9.119371906217370164e-05
2.396820989299351396e-05	9.693116297366568808e-05
2.496750928530083808e-05	9.872590369304433378e-05
2.449803762610593737e-05	1.018110683502079176e-04
2.323923845878289704e-05	9.976266243007190777e-05
2.339183540827759973e-05	9.670134824444186357e-05
2.324599474221264472e-05	1.020645120525517718e-04
2.422649523780367209e-05	9.866302825798299017e-05
2.412318470154560865e-05	9.997520439942520539e-05
2.441501179610713700e-05	9.549468710891061217e-05
2.484703772000077917e-05	9.189893842658881722e-05
2.396724187612825658e-05	9.123389638443735140e-05
2.395959240357531725e-05	9.600961091082008180e-05
2.416272416428701786e-05	9.329974542605348666e-05
2.363415739685307976e-05	9.772418629611862918e-05
2.299260434611883299e-05	9.308157011442893137e-05
2.280426136279455645e-05	9.801458715748672117e-05
2.297723671842827637e-05	1.055270847187690902e-04
2.502128145190395122e-05	1.113132106110985850e-04
2.371632490166782688e-05	1.064978454529532590e-04
2.385351191291045834e-05	1.102885189913068651e-04
2.384196546966598024e-05	1.061595979833513645e-04
2.366467094001650594e-05	1.037134066818033197e-04
2.390086831921829744e-05	1.089050032539294626e-04
2.413909950064041719e-05	1.068854931443831619e-04
2.292183357453909210e-05	9.811029204212756271e-05
2.313734221248687600e-05	1.059622741447711197e-04
2.404636842575298602e-05	1.101955433285361179e-04
2.410647922642952465e-05	1.017326137360772398e-04
2.351009637909222082e-05	9.834740639768323189e-05
2.342692147826193932e-05	9.954565120264230287e-05
2.196805050238809950e-05	9.540514948134531004e-05
2.159854287174959044e-05	9.871482811841865055e-05
2.224930392141915244e-05	9.905418117420122868e-05
2.359376233213680800e-05	9.845939514962523365e-05
2.281318539522640939e-05	1.005949401725612832e-04
2.382611951227777523e-05	9.559899565616411196e-05
2.388773983901437944e-05	9.801232709816450896e-05
2.277809365484559525e-05	9.659772124254771086e-05
2.264761170882791067e-05	9.506243450489348294e-05
2.217281899786605721e-05	9.929983128830973966e-05
2.254470291026526793e-05	9.976248680990125299e-05
2.133780301794999945e-05	9.792536815946958017e-05
2.263962572196928909e-05	1.020473548888360991e-04
2.210183999587411451e-05	1.004994036528994368e-04
2.161719020096545781e-05	1.019492965285603012e-04
2.129016008678661509e-05	1.096571828618762596e-04
2.275176637678802568e-05	1.035289283627351993e-04
2.231114690228834169e-05	9.006618307121595714e-05
2.219526107392761675e-05	8.888975819577869841e-05
2.175667828086489474e-05	9.217145427735102918e-05
2.378767586212619437e-05	9.759175342068354252e-05
2.244722790967623925e-05	1.010218685936920962e-04
2.261456253870968287e-05	9.947207359074524519e-05
2.260630635141162555e-05	9.781074206744439880e-05
2.334293040516801387e-05	1.049319618941557593e-04
2.194337294842914793e-05	1.076205797412162180e-04
2.197987656447358834e-05	1.055802598224080027e-04
2.172692310796396452e-05	1.058119216577834115e-04
2.099321743879264916e-05	1.062594723258972662e-04
2.075267878864404752e-05	1.087813045051018663e-04
2.171221165771662341e-05	1.059880608127992024e-04
2.133011302017295347e-05	1.048620964584397327e-04
2.262436612699133339e-05	1.023122779224894848e-04
2.052841642977649292e-05	9.838420900592136033e-05
2.133025568602166214e-05	1.040308244984638792e-04
2.131691433527456743e-05	1.010879197949947296e-04
2.140389195708937014e-05	1.010738761332619003e-04
2.143083248011719627e-05	1.031755263594842924e-04
2.137010675215591642e-05	1.042220261215172139e-04
2.241246195251246528e-05	1.003976516318255333e-04
2.251221180125348746e-05	1.039466415409573316e-04
2.252401540788237405e-05	1.121818869409981330e-04
2.295476083887072069e-05	1.021545131629813310e-04
2.233257253592435632e-05	1.022192615000765755e-04
2.093600744800580882e-05	1.042352473500829960e-04
2.108228580209278960e-05	9.909249518422594586e-05
2.166148798919130365e-05	9.951198972709985333e-05
1.999949305870680466e-05	9.906791490962309731e-05
2.098293529122763132e-05	1.036028754319731848e-04
2.165633758877504367e-05	1.005921145064326172e-04
2.089938524450347766e-05	1.025779715062886960e-04
2.121812599546870964e-05	1.005560229128330934e-04
2.075483648544610346e-05	9.640390584994226221e-05
2.028656151570278591e-05	9.610099495674708241e-05
2.015242071540283641e-05	9.793546866009963697e-05
2.114887759405235500e-05	9.937354566503255298e-05
1.971751345711015039e-05	1.030717190864425615e-04
2.024438042803107196e-05	9.922175606967377818e-05
2.066411553340446880e-05	1.009490080669699693e-04
2.072497330987722061e-05	9.818036226325996989e-05
2.023493915538558026e-05	1.028561245003827197e-04
2.138254348467661799e-05	1.006119205867825615e-04
2.186894760712932876e-05	9.670157012350353676e-05
2.114634648838315488e-05	9.565108674517923241e-05
2.141354419699483666e-05	9.286386252290244729e-05
2.238414560689406293e-05	9.524238026894151919e-05
2.295807236059462745e-05	9.456396769089143008e-05
2.319843522860901922e-05	9.850443394988945428e-05
2.351346212812420648e-05	1.027735673770783169e-04
2.272718155612458697e-05	1.029899231245942344e-04
2.238032761146345931e-05	1.018856519690870799e-04
2.098383899612302577e-05	1.039524190757425972e-04
2.088866697333236551e-05	9.662829565771992898e-05
2.094307216126122198e-05	9.918383458622023079e-05
2.021308279554998868e-05	9.975670590139897791e-05
2.075972245143964046e-05	9.882174689378807699e-05
2.027169186178893521e-05	1.002188707037563229e-04
2.045967007428397757e-05	9.044946851789418673e-05
2.079386932800599677e-05	9.153813934642447160e-05
2.087233305879465444e-05	1.006664188741645220e-04
2.115523299143257406e-05	9.537034570680719212e-05
2.148829527418952379e-05	1.000872597960714209e-04
2.082103083071538754e-05	9.932784632440211316e-05
2.130726830826437077e-05	9.640798570975211675e-05
2.080871810248264376e-05	9.462613521491302217e-05
2.018366451117938219e-05	9.541345005874079339e-05
2.046191967770106951e-05	9.401162909921937836e-05
2.021468127356660312e-05	9.971205692246868843e-05
2.044066603872032832e-05	1.014505167407999428e-04
1.984708823313973257e-05	1.028867420234967552e-04
1.993200431742595192e-05	1.042178859712043684e-04
1.904314165306804984e-05	1.016123147562221870e-04
1.860498907651079764e-05	9.659203284724250356e-05
1.953718513282825313e-05	1.032835867487651551e-04
2.009566742330963948e-05	1.017727106670970704e-04
1.983985864251228308e-05	9.969332968720545586e-05
2.000478482440633387e-05	9.543390117968504009e-05
2.076517081754601285e-05	9.309829990248837724e-05
1.969979015972966492e-05	9.775818409458465047e-05
1.856207172809237112e-05	9.523385611482553057e-05
1.838395666568658321e-05	9.897430050164298309e-05
1.915432658287026093e-05	9.330063783180403381e-05
1.966674259573889620e-05	9.841900681774118983e-05
1.988752192445728098e-05	9.850048304132133351e-05
1.931748500184328761e-05	9.636651602945694984e-05
1.915789254067606828e-05	9.898190958995278929e-05
1.839924521232008534e-05	9.703026846368777430e-05
1.791674486192909002e-05	1.026994793211226696e-04
1.775224838582573401e-05	9.320816035855985170e-05
1.608262715230137708e-05	9.592880643389598678e-05
1.659260389964315892e-05	9.065452773137403864e-05
1.679907416346138583e-05	9.364868782018941724e-05
1.688397740714768055e-05	9.343869936004102494e-05
1.780906989470895275e-05	1.027720240477789299e-04
1.723236944196532530e-05	9.674018577149352393e-05
1.815510240704319443e-05	9.913035222346437865e-05
1.798326719552928966e-05	9.810696016109403676e-05
1.753050882980886042e-05	1.023654082154937023e-04
1.724485602554881879e-05	1.055851493695220134e-04
1.797520821628361079e-05	9.958493111407351237e-05
1.679999645357831411e-05	9.990665494111250803e-05
1.676158304618542596e-05	9.955014205385184323e-05
1.680433406493421730e-05	8.701807947976421362e-05
1.859334702768852338e-05	8.940560246802406593e-05
1.689637561827533313e-05	9.218831416939176086e-05
1.710145721710271778e-05	9.337515041313685391e-05
1.728765064618129004e-05	9.489375566317201122e-05
1.666728080051001917e-05	9.387099565278728868e-05
1.664419820846983826e-05	9.192966001542101306e-05
1.719208222792809073e-05	8.929246649913895816e-05
1.806893421553713752e-05	9.007820279480188003e-05
1.862076963916178685e-05	8.916217827414265186e-05
1.621726822449850734e-05	9.515638510206337881e-05
1.763770103869878892e-05	9.234286924135126575e-05
1.785446262137052836e-05	9.137573633541002933e-05
1.811447228256714954e-05	9.604811739663737314e-05
1.897443181202584526e-05	9.605489757564835394e-05
1.791926097844888279e-05	9.009258579656757567e-05
1.675242521917104645e-05	8.686315870209978629e-05
1.714873918161655651e-05	9.155915210833274706e-05
1.742098834683119472e-05	9.112253673417868081e-05
1.791600796788872123e-05	9.300525446277461733e-05
1.725242876872866554e-05	8.870519930043166607e-05
1.733705948112121070e-05	9.414679841848249493e-05
1.717251449225301124e-05	9.461070795480650344e-05
1.823644825856561466e-05	8.503035267138375915e-05
1.768744530793718391e-05	8.693679952901890099e-05
1.757003483356390621e-05	8.396550067391000515e-05
1.684602528056754379e-05	8.570054904807459281e-05
1.696076428278445343e-05	9.414534993433439905e-05
1.644683530470315082e-05	9.141968084009828870e-05
1.540145049956035206e-05	1.002749727782809784e-04
1.599942910873585288e-05	1.029916614128621732e-04
1.623975351345451128e-05	9.844743468025563113e-05
1.645982931719699687e-05	9.167078482341659072e-05
1.639356823082167977e-05	9.514551290416755421e-05
1.684263278109971072e-05	9.492632577562040708e-05
1.714040361374677613e-05	9.276530257139674036e-05
1.753514732800873438e-05	9.100888287479233735e-05
1.844423230440837388e-05	8.856814005727922006e-05
1.844058566084582864e-05	8.180696035862603356e-05
1.813751485537782305e-05	8.269943960551988946e-05
1.705285424561878697e-05	8.299451119875721932e-05
1.679170825786576623e-05	9.027068402656016728e-05
1.579095991003777824e-05	9.086430185458242942e-05
1.618101958250540322e-05	9.326231416022405583e-05
1.551575475012224308e-05	9.129961901744984207e-05
1.547285142225462645e-05	8.474223491435872702e-05
1.583765369120435077e-05	8.756202225221180503e-05
1.500748297394314393e-05	9.037337531532039082e-05
1.542725276653505510e-05	8.995052934513611531e-05
1.498300998988509954e-05	9.501013308435014013e-05
1.567922675318924718e-05	9.233327955973130621e-05
1.442035113725728215e-05	8.860839020852933658e-05
1.466270498967849840e-05	8.445437970398426628e-05
1.490194222761262714e-05	8.235168701577540325e-05
1.526556971406364187e-05	7.331456157492639565e-05
1.438093429610009699e-05	7.363617205723477677e-05
1.448852709955645195e-05	7.587984924000643885e-05
1.395182588228030994e-05	7.808690812738230470e-05
1.431307584240917414e-05	7.947526542993106646e-05
1.435279781149810856e-05	8.592543090806343739e-05
1.447875320872982208e-05	7.876019381360886392e-05
1.482252315368515520e-05	7.270147423587068711e-05
1.445853799800245186e-05	7.049786634856389190e-05
1.442597289705367380e-05	7.558300531957568328e-05
1.351660592731716165e-05	7.424826861905254997e-05
1.457246663296979841e-05	7.661094819488091555e-05
1.381867898976782462e-05	7.662309441055066778e-05
1.345442791829628041e-05	8.071670920685546492e-05
1.457821426159530110e-05	8.624416094194753651e-05
1.424016088915003447e-05	8.536907203303137012e-05
1.366208985080155855e-05	8.462735596103940011e-05
1.437035245174217882e-05	8.560470994543425732e-05
1.457296386599734716e-05	7.321517130326377933e-05
1.392437990915625037e-05	8.151501493169828775e-05
1.476802849287031313e-05	8.010330584268658704e-05
1.470179269178635347e-05	8.084507688163444360e-05
1.462318214053218999e-05	8.264662241156331001e-05
1.502952195526890752e-05	8.478889687259751257e-05
1.439324219338811956e-05	7.659765288417470048e-05
1.520462720767870144e-05	6.967852436871476947e-05
1.417716841784336664e-05	7.272672927348983077e-05
1.464918267293579025e-05	7.881999028442590507e-05
1.351524539823827835e-05	7.409592910571540642e-05
1.324473209933323725e-05	7.560165548329232914e-05
1.364900291590927355e-05	8.056387140829599316e-05
1.280470828325347044e-05	7.812207536599740060e-05
1.372097909559994887e-05	7.677568545896370112e-05
1.399114719568014624e-05	7.225050700625081990e-05
1.419826468803503317e-05	7.641544340898744406e-05
1.334662726104104037e-05	7.681100324130457071e-05
1.287953698361630975e-05	7.057597701878893257e-05
1.333421448430275814e-05	7.034939361859308287e-05
1.327073308146211141e-05	7.544037187355690064e-05
1.345145761098973772e-05	7.608101086763355378e-05
1.346892010007560826e-05	7.606237793113407861e-05
1.332207687968851199e-05	7.363430088749747370e-05
1.435508741972427521e-05	6.671571455610075926e-05
1.384857097206473874e-05	6.737482196307588661e-05
1.441344179338995472e-05	7.150409364873385343e-05
1.309750913936386140e-05	7.562723473909079496e-05
1.255134683452650452e-05	8.171034130866782668e-05
1.381040133545847969e-05	7.482745193970647714e-05
1.325457818033289766e-05	7.689668133656581063e-05
1.305635251665418489e-05	7.602312319351844298e-05
1.286867648451558383e-05	7.990601673433672550e-05
1.358082748625722318e-05	8.231026221843240891e-05
1.309083086501947046e-05	7.584398139386969260e-05
1.272600756230530446e-05	7.016715636371763582e-05
1.350087929318113624e-05	6.457694236414095808e-05
1.422512769675714842e-05	6.847119215557288200e-05
1.444385645699638467e-05	7.377778559091370026e-05
1.292936900318133762e-05	7.307337471603394152e-05
1.288426402370300016e-05	7.110258271647878668e-05
1.327579740217873381e-05	7.200281964664014412e-05
1.350751512394226885e-05	7.355746116419783999e-05
1.348206280558692747e-05	7.375543172503225763e-05
1.408903948667016950e-05	7.108322743478627873e-05
1.490476212711849604e-05	7.455519957563692100e-05
1.455629889983872546e-05	6.844634737332768186e-05
1.486753070280603501e-05	7.175164281058080389e-05
1.335394603100103842e-05	6.966518327290346349e-05
1.417261535750888656e-05	7.024048252274472004e-05
1.350316224226796458e-05	6.830003969396920122e-05
1.289819047182467241e-05	6.584574847576867246e-05
1.184597682104320741e-05	7.177458474985100572e-05
1.243313320922440369e-05	7.743569681057005285e-05
1.294150402018771295e-05	7.546098436981479916e-05
1.324275906347799839e-05	7.602109633314397250e-05
1.344759828832481886e-05	7.200126126396267094e-05
1.313889579345654651e-05	7.631331357897277827e-05
1.304754740099292253e-05	6.957094445313077359e-05
1.416929537248916890e-05	7.066522069261006267e-05
1.467362371157625233e-05	6.957219259683366771e-05
1.360629389187867094e-05	6.546919644063524900e-05
1.281604321660011252e-05	6.874040202532462037e-05
1.345751422939422285e-05	6.867643322363294305e-05
1.346764762322847029e-05	6.591780643311859233e-05
1.360922848472392482e-05	6.864977346242147013e-05
1.338991516152088688e-05	6.606403548337889964e-05
1.413533034860521730e-05	6.807179757782154254e-05
1.370731172415231579e-05	6.244417749754949576e-05
1.293562538160655260e-05	5.988101177843123543e-05
1.220769045573689645e-05	6.106216827724599830e-05
1.177258450536140415e-05	6.473207673870045296e-05
1.234840933614050010e-05	6.488844551307646901e-05
1.263668100431647161e-05	6.225866624307061328e-05
1.299775164050953204e-05	6.267167585645106928e-05
1.295945182412548107e-05	6.723192154467721830e-05
1.282423741198698422e-05	6.445919270048474726e-05
1.278775528599010030e-05	6.418286031509711929e-05
1.257692695644724671e-05	6.798405978464971576e-05
1.252590466515368151e-05	6.642815708617758378e-05
1.325304268356367240e-05	6.293847435709390100e-05
1.310166582827935103e-05	6.282265865962701867e-05
1.334673852575049187e-05	6.566164537336560919e-05
1.274582869444920710e-05	6.726456580688650337e-05
1.242539213775455329e-05	6.334776433279475745e-05
1.216287570340658482e-05	5.996295142229892913e-05
1.251440416419985515e-05	6.568187963817853723e-05
1.151642470025637040e-05	6.265346166506259497e-05
1.232611272352294302e-05	5.625450579200401717e-05
1.247186081708183569e-05	5.894041750641588855e-05
1.327896155449760255e-05	5.804589496090404135e-05
1.244379662499117997e-05	6.282991798456391097e-05
1.275180819982152394e-05	6.464160508463497805e-05
1.297241778370960726e-05	6.749016818053718396e-05
1.344402033907338919e-05	6.635905424815538535e-05
1.366954009810470061e-05	6.368429329676539644e-05
1.353984095154307215e-05	6.262398258626993052e-05
1.273129076596804753e-05	6.123107722574055631e-05
1.329009024425427570e-05	6.395063743807091045e-05
1.405216359578075186e-05	6.627168702404063365e-05
1.315738406063566498e-05	6.097213238168519529e-05
1.315132886419720141e-05	5.992137551995113085e-05
1.398465197147354358e-05	6.075304901251949927e-05
1.362120459623950054e-05	6.002158825526963688e-05
1.378746056238635672e-05	5.497501465124966335e-05
1.384618319390977861e-05	6.219157181851720699e-05
1.327149327357325365e-05	6.459434748992563997e-05
1.356694006269590144e-05	6.271335741456102197e-05
1.392182080028109161e-05	5.861907523709049267e-05
1.322279885981309831e-05	5.647601149201050824e-05
1.336446158019941747e-05	5.989863912593475399e-05
1.364614297926432408e-05	6.290271615242603231e-05
1.376982580097690455e-05	6.356442397490360955e-05
1.320156154520679939e-05	6.582457748051150157e-05
1.246846152546086746e-05	6.681191144613587171e-05
1.222551646559312381e-05	6.356517593204151007e-05
1.257518671349688126e-05	6.208074592203511927e-05
1.252657322525901952e-05	5.834734704922737102e-05
1.190372996901616798e-05	5.610345976957091378e-05
1.164587569384691477e-05	5.466240208470455421e-05
1.191456445153604664e-05	6.074141693733409772e-05
1.162283232153000774e-05	5.470326341989731258e-05
1.221362035160239466e-05	5.682283927180574500e-05
1.190731276441597411e-05	5.908329694319660420e-05
1.216429672889797746e-05	5.290321277107292119e-05
1.246980918364961962e-05	5.525864135509323883e-05
1.360445052825103351e-05	5.286204184886077851e-05
1.335736860578201866e-05	5.053325141007267715e-05
1.263158583887231517e-05	5.168978195027993690e-05
1.317225259448837109e-05	5.558319284866222341e-05
1.272126317114276146e-05	4.951832761966845745e-05
1.246719383608701392e-05	4.860273668932281200e-05
1.195381168676202392e-05	4.910097523816889481e-05
1.278352452395515649e-05	5.063018195420146991e-05
1.275359819500042233e-05	5.034162947939224740e-05
1.271021767131533610e-05	4.758743365767621931e-05
1.187788674881930619e-05	5.127374197812432205e-05
1.207951082126589582e-05	5.017831117158499937e-05
1.288300832112691619e-05	5.026158878083017401e-05
1.286719332664036872e-05	4.943899745573741443e-05
1.226434895603495765e-05	4.990567860845509818e-05
1.178959900298825805e-05	5.040829682446172036e-05
1.162050576568044064e-05	4.625723699453075850e-05
1.115354917235348473e-05	4.645056745831800318e-05
1.162995581119436901e-05	4.488710689969998104e-05
1.224870795800794051e-05	5.276281344597987341e-05
1.247173184954293221e-05	4.957067531675602204e-05
1.198637810231030681e-05	4.831695470794842889e-05
1.216632537622496817e-05	4.339141761917487652e-05
1.224033996203358936e-05	4.013013251534695912e-05
1.241685976805856749e-05	4.256141341699464284e-05
1.295330443992741282e-05	3.871031826069970929e-05
1.324667199054908232e-05	3.759262945087155430e-05
1.321816535864630037e-05	3.882562862125311644e-05
1.286305783998657293e-05	4.023651960343469999e-05
1.240917599027553565e-05	4.054259617008779652e-05
1.238017527490834495e-05	4.298488412978366071e-05
1.224361341829472018e-05	4.345956192769603687e-05
1.256550195097955792e-05	4.279130696981184458e-05
1.269018367870328165e-05	4.268966954719047432e-05
1.268380798722937130e-05	4.348295618967394307e-05
1.225889394108637237e-05	3.989179460950889659e-05
1.238708207335741660e-05	4.477458672367011836e-05
1.168637165476808219e-05	3.893482868646919398e-05
1.195446194494059840e-05	3.615894501736805833e-05
1.197209488464211512e-05	3.185734521984957715e-05
1.133512475355453004e-05	2.235151830362840634e-05
1.130591997821485910e-05	1.875078204483313969e-05
1.115599559370089266e-05	1.862209007948200927e-05
1.096098043565164958e-05	1.686584754016739364e-05
1.087879651067098580e-05	1.599286155897469808e-05
1.099795167167115684e-05	1.517205979949482515e-05
1.103940411341053116e-05	1.310451746078832497e-05
1.084784399742000718e-05	1.215131671106451530e-05
1.075595402322738917e-05	1.211198403708642938e-05
1.074078456327662206e-05	1.206666580333625742e-05
1.067595894640120212e-05	1.165097749852920102e-05
1.063231534394801548e-05	1.124323426752170124e-05
1.066719136507556300e-05	1.106097501374083233e-05
1.064256931063897140e-05	1.100791638824797380e-05
1.059924034127012453e-05	1.081392833250316954e-05
1.060425053133661308e-05	1.094396787001308018e-05
1.062331582857631934e-05	1.086578023221369337e-05
1.051415971913242529e-05	1.069494490973149007e-05
1.043222708762989726e-05	1.031717776466018118e-05
1.035721126843248944e-05	9.669982731174421757e-06
1.035657418118449851e-05	9.021120792998346010e-06
1.022704691956883528e-05	8.415141900146963673e-06
1.012165392984811044e-05	8.086545194029030184e-06
1.002101695823220663e-05	8.061058250796682508e-06
9.899082571713482321e-06	7.853385919210888666e-06
9.883086364950240905e-06	7.475314871269082542e-06
9.895258113245003365e-06	7.114248817798389491e-06
9.875770389554175128e-06	6.938690145487922622e-06
9.857896193989708179e-06	6.739276832867784224e-06
9.886116826028209519e-06	6.530436319339085406e-06
9.866189893558649729e-06	6.252064390745857011e-06
9.727879739627461625e-06	5.953726004110359234e-06
9.641654167384976286e-06	5.630749763201817808e-06
9.674430953714617998e-06	5.250196489389501760e-06
9.735230086213332511e-06	5.016726870255963224e-06
9.707135728504346918e-06	4.945478215846871780e-06
9.668150545368576744e-06	4.782351710466425152e-06
9.650298967859440201e-06	4.808288444107580164e-06
9.638512627844680189e-06	4.831305013907791564e-06
9.653986918122853237e-06	4.754413634421109916e-06
9.703576778953916626e-06	4.824448016811462256e-06
9.739249525360036270e-06	4.658827328267992969e-06
9.746480352014017198e-06	4.568334278607977372e-06
9.725413514113312455e-06	4.438226587957034693e-06
9.769228217632447070e-06	4.183064355477946175e-06
9.807696670152130631e-06	4.067537660832128814e-06
9.787562312781291946e-06	3.953379334120385319e-06
9.762101236115218426e-06	3.984521337846295532e-06
9.752395607245251458e-06	3.995510529017616255e-06
9.770757076860755991e-06	3.825983628375218434e-06
9.828418031852033482e-06	3.591500230913347190e-06
9.794779616632608648e-06	3.515723315784244135e-06
9.815425394965565547e-06	3.350185953982914285e-06
9.833319344022795581e-06	3.212004596152495218e-06
9.798282553726704702e-06	3.199711783795958249e-06
9.844611612820504648e-06	3.217539737864786913e-06
9.879418776261929844e-06	3.145928416418994567e-06
9.911460738570539771e-06	3.043300276066406419e-06
9.857170145127490163e-06	2.917016502191353339e-06
9.835868669086775864e-06	2.790383923946711168e-06
9.822122381489115076e-06	2.751434020792601114e-06
9.705518333078982419e-06	2.685792675134959857e-06
9.627225053647699046e-06	2.595035626418696423e-06
9.577995845624919408e-06	2.565037688495280839e-06
9.567072576594607704e-06	2.461403809454200670e-06
9.464358133032071239e-06	2.390899822757290063e-06
9.412643326523834959e-06	2.384474541225620009e-06
9.437000811528225948e-06	2.347918917986886464e-06
9.409645830673891891e-06	2.278174924910689742e-06
9.405069502271695635e-06	2.178471243801625159e-06
9.415739601526121268e-06	2.031755195324259846e-06
9.407600165901422630e-06	1.934942200755949033e-06
9.325197486311452826e-06	1.840749333847095341e-06
9.305190309971950581e-06	1.782459296996201830e-06
9.259923561051106028e-06	1.717234172884453511e-06
9.267557296163485931e-06	1.680327441654615590e-06
9.247708781090391942e-06	1.612584627349099819e-06
9.183621765485748526e-06	1.579690724154187007e-06
9.162722374231779994e-06	1.596717955902440244e-06
9.186611958315459448e-06	1.563126311275902090e-06
9.216821485261172771e-06	1.518519649975249561e-06
9.241441300799659709e-06	1.466312563042383608e-06
9.302177611024600222e-06	1.446312813712501482e-06
9.359048498829216506e-06	1.402718748287244292e-06
9.274688833127263258e-06	1.367667648438201704e-06
9.227332661920465985e-06	1.364447135799994457e-06
9.209414764689137595e-06	1.322333132833856862e-06
9.233965800584795409e-06	1.303845850164186960e-06
9.265346701694910850e-06	1.252595825476322072e-06
9.218864024860483716e-06	1.204405269482575860e-06
9.203063741823539325e-06	1.185647255158389789e-06
9.218163138239927171e-06	1.143481173220074128e-06
9.185605155733943828e-06	1.137084510051656109e-06
9.188532707390048028e-06	1.145256526150126555e-06
9.181934403350493435e-06	1.145002764301782503e-06
9.128080132443896336e-06	1.103653267414754664e-06
9.142830137110238267e-06	1.078310929558613842e-06
9.091219875094864810e-06	1.067056339981399301e-06
9.073899393889319669e-06	1.040816170602650656e-06
9.073248703288045380e-06	9.984375233861029227e-07
9.040537496252597669e-06	9.519554762977012796e-07
9.055420494992867203e-06	9.130113481564509696e-07
9.078207545169450968e-06	8.943519053924194455e-07
8.995568018094366808e-06	8.901393869446153761e-07
8.944594489662971527e-06	8.863816948418835998e-07
8.932356406418453612e-06	8.668030105061868027e-07
8.956303582230519791e-06	8.641792580383028910e-07
8.934929937555503119e-06	8.726160640675997447e-07
8.943166300062354676e-06	8.404208171028302794e-07
8.894918948559745497e-06	8.262261008720459841e-07
8.865713205317063943e-06	8.034164482396298126e-07
8.830686117112184790e-06	7.715305726231683707e-07
8.816694629332682892e-06	7.403950811439367152e-07
8.791483594430912779e-06	7.157604256467012955e-07
8.727793713305986482e-06	6.921164266921608991e-07
8.731983617862688413e-06	6.515677713972933044e-07
8.674700825171465790e-06	6.383851179163491568e-07
8.622127723730010985e-06	6.158023249931413213e-07
8.625667545284397837e-06	5.983307287671016562e-07
8.603326607433671471e-06	5.749823037660993401e-07
8.570285824108566920e-06	5.556615228086812040e-07
8.528415288615601449e-06	5.396912926894947308e-07
8.490243583747263329e-06	5.193887327698799456e-07
8.473585075148116236e-06	5.152361500018895290e-07
8.425094738221746655e-06	5.204112568621900619e-07
8.361760140937324931e-06	5.106131409529760689e-07
8.385272178603172668e-06	5.137625278149697567e-07
8.344583486110426131e-06	4.948048790221057869e-07
8.343362492132613511e-06	4.681933849854315719e-07
8.366072376873395994e-06	4.588137162304098464e-07
8.361948863239904555e-06	4.544416979268341445e-07
8.399154571424726504e-06	4.475301167222228362e-07
8.441188920505198617e-06	4.361962455497097044e-07
8.414768482586390013e-06	4.259436598699444468e-07
8.397166101429742591e-06	4.230785861962139182e-07
8.403851782525403440e-06	4.275519401129007932e-07
8.409185346766299578e-06	4.320323729029689515e-07
8.376667193691244624e-06	4.239203109579635185e-07
8.343472086777782494e-06	3.977435693904950955e-07
8.274854052742691980e-06	3.845413145806517026e-07
8.203672687347298369e-06	3.717566395490284648e-07
8.192166962167765363e-06	3.660465963184804829e-07
8.191753110777462340e-06	3.696703973442138725e-07
8.105211787455397529e-06	3.630049694361204103e-07
8.071282030769856759e-06	3.496865016220460307e-07
8.104264210579805106e-06	3.386466361651235720e-07
8.108871760386943744e-06	3.363439567399393523e-07
8.080874824809863600e-06	3.291749531434110385e-07
8.022860844930855044e-06	3.228913050392940410e-07
8.017666284306412052e-06	3.243994781985087676e-07
7.959045826336423225e-06	3.195319540777548691e-07
7.945775141473746103e-06	3.187341777485925854e-07
7.927474621814327378e-06	3.103538744043048603e-07
7.982448470067664243e-06	3.050436426081300177e-07
8.025895239707386738e-06	2.996559612730106146e-07
8.026662658967836380e-06	2.923447985637372956e-07
8.058953459463145854e-06	2.878680399788439030e-07
8.059458018451313180e-06	2.805433612619370630e-07
8.057235407976751727e-06	2.773391111545164633e-07
8.050141332454783657e-06	2.794570844942735819e-07
8.076740892879213211e-06	2.742496858607580900e-07
8.118815173188246266e-06	2.668957622515826225e-07
8.044345392519131795e-06	2.633508853425460729e-07
8.071859491154371197e-06	2.538055382440329794e-07
8.124853613555766370e-06	2.460149361806145583e-07
8.084797935296276773e-06	2.423904046396567014e-07
8.020358684599662009e-06	2.444785848560967041e-07
8.057343730280230629e-06	2.355438407839144972e-07
8.071613247390115660e-06	2.353379325952363937e-07
8.102997772569852568e-06	2.312349009319619235e-07
8.096026560687687274e-06	2.241810938445582419e-07
8.057114949061078938e-06	2.171626809047263211e-07
8.061660368540432065e-06	2.090637730417074745e-07
8.048309506691134896e-06	2.076567436578977548e-07
8.029167765481366273e-06	2.089806639854603179e-07
8.035460062469508400e-06	2.087747137004659192e-07
8.028680962590303263e-06	2.065691981028338549e-07
8.058783604120889449e-06	1.975042295685689631e-07
8.065134932536816614e-06	1.929238018481951099e-07
8.061232961830112223e-06	1.893953957115166090e-07
8.027796151292641142e-06	1.862482773746635177e-07
7.983069264938558410e-06	1.830480740273789267e-07
7.925544499679827297e-06	1.778052995148854898e-07
7.892255512212867211e-06	1.684019070971884627e-07
7.881582314491103841e-06	1.648948623941173605e-07
7.841141830781065699e-06	1.639971188486479088e-07
7.846864297674768229e-06	1.613938419425484866e-07
7.779401450545997832e-06	1.587854701949561601e-07
7.783534658829562296e-06	1.537929626598251934e-07
7.742109948818036512e-06	1.477471181947774338e-07
7.641159173638208645e-06	1.433188148223094598e-07
7.682991959988164852e-06	1.377267663553972084e-07
7.658163346834975037e-06	1.334591255366381813e-07
7.645687709187587843e-06	1.302052082499834908e-07
7.643029715698913812e-06	1.253493183198490196e-07
7.665258797874051228e-06	1.207891718929464695e-07
7.697529693945971926e-06	1.189934665848409611e-07
7.709323655407493124e-06	1.137051319386833781e-07
7.679712583291241205e-06	1.081352274367315886e-07
7.638598573998671141e-06	1.059454433819778247e-07
7.641443221708700811e-06	1.021295708965513443e-07
7.622996179312997644e-06	9.672984832512706981e-08
7.580365660660929468e-06	9.479908304759814036e-08
7.485503792165461896e-06	9.207226037106814955e-08
7.469489568508603130e-06	9.260870262890875154e-08
7.417798564822125760e-06	9.120416266002025454e-08
7.461004310956191754e-06	8.931165699948779567e-08
7.467446986231115315e-06	8.745257570132885678e-08
7.431427377257315276e-06	8.488013519387647437e-08
7.459214310006335924e-06	8.471132017561346764e-08
7.417053677224497709e-06	8.292658910015504515e-08
7.419763812062572130e-06	8.320874949343604264e-08
7.354736472151730944e-06	7.994045868651688864e-08
7.286864567612790605e-06	7.728011988987778885e-08
7.240305897693883096e-06	7.511785633284426193e-08
7.155859595407544431e-06	7.466657668086210308e-08
7.140360504982605808e-06	7.578140303612465968e-08
7.058771461569725156e-06	7.464756916860584493e-08
7.002096219589164985e-06	7.370816685086502420e-08
7.044280611437121216e-06	7.065693635039430449e-08
7.064984173590525313e-06	6.955723071768895746e-08
7.025242650985722322e-06	6.791170599591653207e-08
6.994110402146136816e-06	6.598987210085810184e-08
6.963255007800323154e-06	6.146232090761329370e-08
6.906975023637513237e-06	6.175463292943521204e-08
6.877592744455420770e-06	6.048308542449755316e-08
6.891567110378326128e-06	6.049341304258746704e-08
6.919442480368530611e-06	5.979462869363934456e-08
6.934835138836123438e-06	5.712082094039239720e-08
6.861628982633798305e-06	5.641563914052771692e-08
6.833634938478955197e-06	5.660356110101669684e-08
6.789078130124970402e-06	5.612747690780430854e-08
6.770814157657406030e-06	5.493761210000775144e-08
6.775022175152589606e-06	5.414916764404903969e-08
6.746317270498928947e-06	5.359915487932077632e-08
6.737644512032493225e-06	5.230635132337457544e-08
6.743764959643207353e-06	5.180039936510370393e-08
6.742006467373963194e-06	4.937884717257045853e-08
6.743087458750748067e-06	4.826361515777970662e-08
6.740358648768043531e-06	4.733713366329961111e-08
6.759221886502252842e-06	4.483481785117312058e-08
6.773661855222422652e-06	4.364121558370837614e-08
6.791616276790964952e-06	4.324608219201647491e-08
6.784691571252321422e-06	4.277154261596059275e-08
6.723456507608034947e-06	4.194283626656821791e-08
6.701350873600852033e-06	4.062603330588333367e-08
6.683209815932686982e-06	3.972463610300857980e-08
6.711562948571285706e-06	3.894730133835204021e-08
6.692673814212569250e-06	3.786015595012523063e-08
6.675047144287241110e-06	3.682549854892935678e-08
