2.501363958573415758e+00	4.778135769223763041e-01
2.501342887877637367e+00	4.778445452814870098e-01
2.501239008108524953e+00	4.779078778620446388e-01
2.501058855168989403e+00	4.780128752957010230e-01
2.500792021187763670e+00	4.781610503527351508e-01
2.500403549636771583e+00	4.783670277855764930e-01
2.499953974126848166e+00	4.785735646731209547e-01
2.499413298810084783e+00	4.788744067435793950e-01
2.498817804699243972e+00	4.791868532521318946e-01
2.498289506464843601e+00	4.795653791819606826e-01
2.497678550496711392e+00	4.799582058321990030e-01
2.496858878081507527e+00	4.803927420778120738e-01
2.496023373859382666e+00	4.808902925897737268e-01
2.495174262441939739e+00	4.814302131123913697e-01
2.494035730542778939e+00	4.820173220876683984e-01
2.493051654013660023e+00	4.826320495399236687e-01
2.491843282528706904e+00	4.832915694531335626e-01
2.490622808177735958e+00	4.839871527578787913e-01
2.489367357571788286e+00	4.847426098898843794e-01
2.487952682411505023e+00	4.855203231690486954e-01
2.486456843962973284e+00	4.863917884515406853e-01
2.484978157077055272e+00	4.872812793347935378e-01
2.483330206608433066e+00	4.881743507345359112e-01
2.481476984318846224e+00	4.891493863376123463e-01
2.479757015064478765e+00	4.901939992686109027e-01
2.478006909001200242e+00	4.912586460317716619e-01
2.476126788467226447e+00	4.923814580384248685e-01
2.474054099453173894e+00	4.935513426356992750e-01
2.471976875279642272e+00	4.947329187410275941e-01
2.469731639077910490e+00	4.959678456433870841e-01
2.467533077244588480e+00	4.972689833659909020e-01
2.465202215885016201e+00	4.986102119904612384e-01
2.462794596201753450e+00	5.000120312242598564e-01
2.460468114887763846e+00	5.014397043033078649e-01
2.457837199196513556e+00	5.028657213443160634e-01
2.455232175141571105e+00	5.044100523385909307e-01
2.452515909321355547e+00	5.059960202746744962e-01
2.449581687187899703e+00	5.076279722516031656e-01
2.446832579844307798e+00	5.093196466848547432e-01
2.443801379955521380e+00	5.110474033781553516e-01
2.440718319489759924e+00	5.128477511194902139e-01
2.437550442305689735e+00	5.146830935856692157e-01
2.434307128984973367e+00	5.165864954662191533e-01
2.431017632769708392e+00	5.185337728470633678e-01
2.427673031014701444e+00	5.205226897853395540e-01
2.424277797093220332e+00	5.225944015337375959e-01
2.420687171720054209e+00	5.246816820028119555e-01
2.417034477149955229e+00	5.268277991614028766e-01
2.413254596920804573e+00	5.290500465073250114e-01
2.409263268132090463e+00	5.313441193983757804e-01
2.405426373066546386e+00	5.336716986574268073e-01
2.401484023608222884e+00	5.360902085102223769e-01
2.397335227073930319e+00	5.385431987612413485e-01
2.393113927464083357e+00	5.410558504691962423e-01
2.388790146194812447e+00	5.436543404280106406e-01
2.384324690767151811e+00	5.462741490022364754e-01
2.379882401661315150e+00	5.489849006870145542e-01
2.375269929389697499e+00	5.517396871200647146e-01
2.370649080796126018e+00	5.545717001209430341e-01
2.365757855597746762e+00	5.574558208727468100e-01
2.360806153708945754e+00	5.603902668535863940e-01
2.355750111320904505e+00	5.634340663597385834e-01
2.350591902438078140e+00	5.665259421799835327e-01
2.345442785327759960e+00	5.697129470105375404e-01
2.340032608463805452e+00	5.729357968106799648e-01
2.334653586431432171e+00	5.762292444132757208e-01
2.329045432492390155e+00	5.796102575295306591e-01
2.323525326290851289e+00	5.830667786735989067e-01
2.317848609041332164e+00	5.866068545079220486e-01
2.312023218514652978e+00	5.902366862512582468e-01
2.306057996283229716e+00	5.939349107920222082e-01
2.299894536716409199e+00	5.977180868700759930e-01
2.293569969384983587e+00	6.015609681644096263e-01
2.287198831767690343e+00	6.054982130720585332e-01
2.280609220898510703e+00	6.095160439161643184e-01
2.273979382808953176e+00	6.136346982012705897e-01
2.267283378106039304e+00	6.178290800807886285e-01
2.260466890196775047e+00	6.221520591101550313e-01
2.253442340141650568e+00	6.265470949681667401e-01
2.246226284642558024e+00	6.310340529464413262e-01
2.238957199258921893e+00	6.356454574103781452e-01
2.231453955427742386e+00	6.403492665029976161e-01
2.223807018208651787e+00	6.451632830346641923e-01
2.216064196177546464e+00	6.500583248916401713e-01
2.208189289403238220e+00	6.550535528246455019e-01
2.200060260700665182e+00	6.601735086370785766e-01
2.191876633885791126e+00	6.654403536260224961e-01
2.183339090160975715e+00	6.708039857134924233e-01
2.174802739579584809e+00	6.762959954576357458e-01
2.166048912027344286e+00	6.819310225661282532e-01
2.157145532056868653e+00	6.876790062082080990e-01
2.148017397578726229e+00	6.935471509894669540e-01
2.138810072533576800e+00	6.995576586669652874e-01
2.129345049265526590e+00	7.057518899724483097e-01
2.119642468934198387e+00	7.120532873763937287e-01
2.109782784162739677e+00	7.185230715204435903e-01
2.099608774081060503e+00	7.251522298804591316e-01
2.089252898112684775e+00	7.319673832475546149e-01
2.078735555401920898e+00	7.389441373896281640e-01
2.067927148368497559e+00	7.460615521003305384e-01
2.056808920445252209e+00	7.534044811166518141e-01
2.045393616753070631e+00	7.609429437220593950e-01
2.033774834721772784e+00	7.686887265932684787e-01
2.021848461077757619e+00	7.766504404731595645e-01
2.009538212390185485e+00	7.848317498208876586e-01
1.996865125968554144e+00	7.932348320847838474e-01
1.984163170246100449e+00	8.019067780724155048e-01
1.971012700799130046e+00	8.108449174085672340e-01
1.957459284786048359e+00	8.200779515442307988e-01
1.943553347524745956e+00	8.295653430488976188e-01
1.929151546429618724e+00	8.394263628921063702e-01
1.914272815808873318e+00	8.495935606693807429e-01
1.898920218622218048e+00	8.601634354569359653e-01
1.883021103256078632e+00	8.711500744766681459e-01
1.866531710046260839e+00	8.825151493825251769e-01
1.849461357651216664e+00	8.944186841024518442e-01
1.831759484915057801e+00	9.068082361987797047e-01
1.813218812356248044e+00	9.198641971751192470e-01
1.793816927411516993e+00	9.335823379984790060e-01
1.773355214974222660e+00	9.480648312749234696e-01
1.751669702406986273e+00	9.635284643045269881e-01
1.728480064610178113e+00	9.801635465076394826e-01
1.703351777273497625e+00	9.983204661377194089e-01
1.675436749424880523e+00	1.018671132313335281e+00
1.642160995715970628e+00	1.043138972593998348e+00
1.608702162504949573e+00	1.068347028084640771e+00
1.589307021899716510e+00	1.083207092889598711e+00
1.572523223418496929e+00	1.095988292990171420e+00
1.557156043102037701e+00	1.107639516106921018e+00
1.542802080916710006e+00	1.118565980575109364e+00
1.529194370880072151e+00	1.128873543768121879e+00
1.516189997963862224e+00	1.138726601485227974e+00
1.503721258009184769e+00	1.148135817730456809e+00
1.491741907296735725e+00	1.157183910110719305e+00
1.480117750410489430e+00	1.165867932923078332e+00
1.468855467564153416e+00	1.174318775494575862e+00
1.457926169962165508e+00	1.182459837133100100e+00
1.447265436078779777e+00	1.190409193318100911e+00
1.436881314958411426e+00	1.198124442038478010e+00
1.426717396200876120e+00	1.205596807222443445e+00
1.416833340516131079e+00	1.212979626403801303e+00
1.407120164128879747e+00	1.220102576512693382e+00
1.397609507048171329e+00	1.227135105108344115e+00
1.388296457491297042e+00	1.233936490373895190e+00
1.379187086649933613e+00	1.240482745859236458e+00
1.370231874904904945e+00	1.247058080237776645e+00
1.361429552946717969e+00	1.253421819597456022e+00
1.352814859145859527e+00	1.259676512107885227e+00
1.344306386728754132e+00	1.265711017567513474e+00
1.335954440913414087e+00	1.271758203381395003e+00
1.327694985640939462e+00	1.277652467055688135e+00
1.319592921858552481e+00	1.283472270304647722e+00
1.311610319967499549e+00	1.289164136708858877e+00
1.303746570412993799e+00	1.294696107568691357e+00
1.296035226359443016e+00	1.300122321317440877e+00
1.288385696204591424e+00	1.305498375446868975e+00
1.280833607233076155e+00	1.310842945557709971e+00
1.273402828937558073e+00	1.316058390059414940e+00
1.266065639127114784e+00	1.321134737102677370e+00
1.258836955677095304e+00	1.326209719967133438e+00
1.251671006393186403e+00	1.331151621632802540e+00
1.244607648747521500e+00	1.335998314654021080e+00
1.237647781351810528e+00	1.340736500018091748e+00
1.230732416883870695e+00	1.345376412332979887e+00
1.223940471767836158e+00	1.349956299902357326e+00
1.217213185284915511e+00	1.354572935917921939e+00
1.210555178662557241e+00	1.359087921666218168e+00
1.203992764959224138e+00	1.363492149954019350e+00
1.197505334253734066e+00	1.367856851773675331e+00
1.191076930818731894e+00	1.372169636253780300e+00
1.184727717695266858e+00	1.376269902351843655e+00
1.178442468665871656e+00	1.380395068427624494e+00
1.172210908349620384e+00	1.384551783543910064e+00
1.166063262098501863e+00	1.388573207794540076e+00
1.159968406791561213e+00	1.392590137731317457e+00
1.153944195216422219e+00	1.396526743093998046e+00
1.147981172381752568e+00	1.400281475551074850e+00
1.142083855493738254e+00	1.404080807019195687e+00
1.136248554064826832e+00	1.407870704841854392e+00
1.130476237982274812e+00	1.411605419735501021e+00
1.124724583866044458e+00	1.415165839442552143e+00
1.119027222548878431e+00	1.418710429968735198e+00
1.113399261607066926e+00	1.422296219426838038e+00
1.107839152531192140e+00	1.425773492211461990e+00
1.102310728219093594e+00	1.429162864383740628e+00
1.096822443753073806e+00	1.432419857929346119e+00
1.091388248868375266e+00	1.435701707106779246e+00
1.086007475559586544e+00	1.438990835183122430e+00
1.080673670698323985e+00	1.442221259084278229e+00
1.075417783021295426e+00	1.445434367593025016e+00
1.070170225011341181e+00	1.448571654108308016e+00
1.065000084867582908e+00	1.451676277896461587e+00
1.059852875030166786e+00	1.454666722281645619e+00
1.054746302418636317e+00	1.457687290813711289e+00
1.049701125318994066e+00	1.460689881800264711e+00
1.044680533737202488e+00	1.463569794942284119e+00
1.039714815753901789e+00	1.466492952256317039e+00
1.034771787824947387e+00	1.469226115995603932e+00
1.029864535374514167e+00	1.471986870027707006e+00
1.025016844815398454e+00	1.474688036867554120e+00
1.020210587710908001e+00	1.477366405418077733e+00
1.015433939851294820e+00	1.480102311474995380e+00
1.010693160819155834e+00	1.482795064729803824e+00
1.005988136101790609e+00	1.485317431830011303e+00
1.001322639941950809e+00	1.487813218392222137e+00
9.967019140988664372e-01	1.490366739205053914e+00
9.921212759302191486e-01	1.492899739491981626e+00
9.875809897892987577e-01	1.495271958927664180e+00
9.830528141734778957e-01	1.497716673533715515e+00
9.785719201217640828e-01	1.500014749493985944e+00
9.741252504634978493e-01	1.502325568356061458e+00
9.697101527618949834e-01	1.504568575199047853e+00
9.653221493030753608e-01	1.506816291253305184e+00
9.609990306420742590e-01	1.509101821769191831e+00
9.566755569308703633e-01	1.511343183231231402e+00
9.523754947332599974e-01	1.513499387665247387e+00
9.481226143161527453e-01	1.515548898657978816e+00
9.439008920782405720e-01	1.517626406518983506e+00
9.397122999179641223e-01	1.519791318422867299e+00
9.355415079233724285e-01	1.521792938234339809e+00
9.314082956862237417e-01	1.523828912184345130e+00
9.273124464395460231e-01	1.525679157732482638e+00
9.232511440705767347e-01	1.527553228199784341e+00
9.191883965830788261e-01	1.529456797863580464e+00
9.151628175392682030e-01	1.531297034807238777e+00
9.111478389094286312e-01	1.533196542905393533e+00
9.071863217024928039e-01	1.534977400482163912e+00
9.032716543465579839e-01	1.536731724411297462e+00
8.993527635120298624e-01	1.538531341689955978e+00
8.954626838547106171e-01	1.540238026168923247e+00
8.915881960936797856e-01	1.541882275299092608e+00
8.877454145080505565e-01	1.543574590960686388e+00
8.839757569795509973e-01	1.545146120058354500e+00
8.802056533852183895e-01	1.546733327162307381e+00
8.764284826644452853e-01	1.548293978640127744e+00
8.726903009509004994e-01	1.549875854031458333e+00
8.689908274563296064e-01	1.551338455030648600e+00
8.653046407441302712e-01	1.552782814766024977e+00
8.616466403443295841e-01	1.554279259136288838e+00
8.580300936699466474e-01	1.555654418442146136e+00
8.544014705414720856e-01	1.556971180261078169e+00
8.508131272023972125e-01	1.558417286186823958e+00
8.472476214520047177e-01	1.559807061046496690e+00
8.437151125321604717e-01	1.561069511188012404e+00
8.401677971468224371e-01	1.562462123568333583e+00
8.366669633206805790e-01	1.563742779647272041e+00
8.332058403155617743e-01	1.564928166769439244e+00
8.297417425980153638e-01	1.566081651169522360e+00
8.263074369675770248e-01	1.567270590424619803e+00
8.229051556873760997e-01	1.568460939920266251e+00
8.195224484566057122e-01	1.569594376285287529e+00
8.161440856856641002e-01	1.570739645349273461e+00
8.127875989930143374e-01	1.571812638338300872e+00
8.094479381406871621e-01	1.573002835947789224e+00
8.061483210778231934e-01	1.574074627258370107e+00
8.028237712010938276e-01	1.575066439422032394e+00
7.995844433486376523e-01	1.576075468090013532e+00
7.963333724378144352e-01	1.576968098668953822e+00
7.930949600845855763e-01	1.577896459467719836e+00
7.898971217812005285e-01	1.578902834701356728e+00
7.867055597057338590e-01	1.579819805793844623e+00
7.835245018349900059e-01	1.580670167637498125e+00
7.803560777174830543e-01	1.581491856859522649e+00
7.772234242409989946e-01	1.582338108947524580e+00
7.741002043207152461e-01	1.583095129579314086e+00
7.709981947999180463e-01	1.583937786267464398e+00
7.679098267386418319e-01	1.584792933849550778e+00
7.648376352022151492e-01	1.585447264810327050e+00
7.617940633639301851e-01	1.586194920854682389e+00
7.587638224745749671e-01	1.586933565534708990e+00
7.557489114490615334e-01	1.587676683101101771e+00
7.527314482918315841e-01	1.588304587073387397e+00
7.497523976704768556e-01	1.588965853509615167e+00
7.467962880304507278e-01	1.589577512511221036e+00
7.438706903259113545e-01	1.590167979490504147e+00
7.409348877649791776e-01	1.590709030194033424e+00
7.380170364113096682e-01	1.591289263600845327e+00
7.351202823163229816e-01	1.591809695510596923e+00
7.322396609318699845e-01	1.592337218067410465e+00
7.293753562731704054e-01	1.592809588757798656e+00
7.265078295252400675e-01	1.593166240565947023e+00
7.236623527453120985e-01	1.593712842660102602e+00
7.208576060704561250e-01	1.594065025604435970e+00
7.180554390319772162e-01	1.594490361842523463e+00
7.152806487357296072e-01	1.594848547167736941e+00
7.125114593236054894e-01	1.595264723115703109e+00
7.097422347288596667e-01	1.595668701288698532e+00
7.069992336259482979e-01	1.596049193938558597e+00
7.042725760394655810e-01	1.596282386311219215e+00
7.015476016352544253e-01	1.596610071881961357e+00
6.988569015063895717e-01	1.596937204883531303e+00
6.961701666862619708e-01	1.597239570915125251e+00
6.935011135554804973e-01	1.597365020708660488e+00
6.908497778620676932e-01	1.597580444530111388e+00
6.881934292423703692e-01	1.597808412399983391e+00
6.855684140051218067e-01	1.598010087959921943e+00
6.829491769831146364e-01	1.598330959621246938e+00
6.803351337063769932e-01	1.598488881116667759e+00
6.777496928380317698e-01	1.598597043931381467e+00
6.751897174177643457e-01	1.598681103218211552e+00
6.726275364930783818e-01	1.598719333021476841e+00
6.700819664034251000e-01	1.598805065149444538e+00
6.675485481645905272e-01	1.598788048840564580e+00
6.650167716326486067e-01	1.598823401188632420e+00
6.625089369919473503e-01	1.598816602764323136e+00
6.600129574204364191e-01	1.598790240448299649e+00
6.575201366345727605e-01	1.598787917037210127e+00
6.550483822642182430e-01	1.598812411156852908e+00
6.525900167289070408e-01	1.598805438608914997e+00
6.501515808361051363e-01	1.598790443464610966e+00
6.477213562045226469e-01	1.598653507717712419e+00
6.452999798458003422e-01	1.598538664367140205e+00
6.428816581267416952e-01	1.598464488182701260e+00
6.404985487611638550e-01	1.598285328680258521e+00
6.381097845739680530e-01	1.598226248503792579e+00
6.357291866445680117e-01	1.598097097209021378e+00
6.333781042852744125e-01	1.597922733848154753e+00
6.310191534835051241e-01	1.597678880250300137e+00
6.286822735265457096e-01	1.597478414081777709e+00
6.263550642709467819e-01	1.597291636066664022e+00
6.240345209646224189e-01	1.597079661190528910e+00
6.217390417572630223e-01	1.596779041077427630e+00
6.194476329580744789e-01	1.596445437399964362e+00
6.171743262195805713e-01	1.596146234015054954e+00
6.148945537318514232e-01	1.595876766782872158e+00
6.126410637666287462e-01	1.595601207325602289e+00
6.104137656804621281e-01	1.595292097303053991e+00
6.081782018396988398e-01	1.594975551018443793e+00
6.059501666062263592e-01	1.594642837810369196e+00
6.037501804977667419e-01	1.594246169712041583e+00
6.015325029982770966e-01	1.593852908385313460e+00
5.993535324569494449e-01	1.593408604641465498e+00
5.971615090069981591e-01	1.592916713466862033e+00
5.949869544178364444e-01	1.592486429512428581e+00
5.928171501651462449e-01	1.592022268657581785e+00
5.906719599478433835e-01	1.591554882802892479e+00
5.885314843401492357e-01	1.591066322860815729e+00
5.864038247434701923e-01	1.590592356860089929e+00
5.842836909021482672e-01	1.590098094610609358e+00
5.821862752860823553e-01	1.589620962911515223e+00
5.800827357513977933e-01	1.589034912123958421e+00
5.779885862733931123e-01	1.588477143516475287e+00
5.758998946876461300e-01	1.587907315744474968e+00
5.738254400565013791e-01	1.587373475097213493e+00
5.717687210242210494e-01	1.586738011577525587e+00
5.697057200710373692e-01	1.586041703703126249e+00
5.676712083711292767e-01	1.585490666317767472e+00
5.656399118618310462e-01	1.584860963681932411e+00
5.636180446039683600e-01	1.584203450619522391e+00
5.616135175193206486e-01	1.583531134268538754e+00
5.595896180817444554e-01	1.582805909710917280e+00
5.576020392543518112e-01	1.582113564689886065e+00
5.556195217623338678e-01	1.581393292131619166e+00
5.536358404377480502e-01	1.580652516116765494e+00
5.516799959478544402e-01	1.579935620301154309e+00
5.497196737618286200e-01	1.579246183795534941e+00
5.477651419025738599e-01	1.578491741939266113e+00
5.458268795353651281e-01	1.577664223708753699e+00
5.438884981414318087e-01	1.576967762478696855e+00
5.419615955534409224e-01	1.576159641104275755e+00
5.400456220048635014e-01	1.575254178741601230e+00
5.381378205733431397e-01	1.574434777397857310e+00
5.362536607419098322e-01	1.573492863451310120e+00
5.343551442582140654e-01	1.572698420644418116e+00
5.324868126148318836e-01	1.571924376867283923e+00
5.306203615192046641e-01	1.570987538284902341e+00
5.287710511462776486e-01	1.570086535745058409e+00
5.269027848478443632e-01	1.569206021800454876e+00
5.250560512316923001e-01	1.568320388919485886e+00
5.232200881395380199e-01	1.567424789483016223e+00
5.213801078274837852e-01	1.566443667702113185e+00
5.195533488548996770e-01	1.565494611038225736e+00
5.177454673958390430e-01	1.564563794625630111e+00
5.159472364649694276e-01	1.563610620513788962e+00
5.141507946560571751e-01	1.562652977298295554e+00
5.123650584263332863e-01	1.561563885302217125e+00
5.105896972174979176e-01	1.560617899397916730e+00
5.088094430509962907e-01	1.559571305279553233e+00
5.070372480640433777e-01	1.558468149908644573e+00
5.052839421369484940e-01	1.557318218111859442e+00
5.035309358662679591e-01	1.556247943821526647e+00
5.017953176600559173e-01	1.555167420937647149e+00
5.000502263198812747e-01	1.554097930108033765e+00
4.983167289239280873e-01	1.552979482766219110e+00
4.966018453179930625e-01	1.551843759152220059e+00
4.948797860327749376e-01	1.550733824427047436e+00
4.931803320038481986e-01	1.549598463794529035e+00
4.914794184265713350e-01	1.548470896659359219e+00
4.897899934138789657e-01	1.547290175900057019e+00
4.881096328347997448e-01	1.546078296124258511e+00
4.864285551254139417e-01	1.544870864956099377e+00
4.847631558685249198e-01	1.543655028492747938e+00
4.831047331421462476e-01	1.542480998030430150e+00
4.814544344431820333e-01	1.541280736503652493e+00
4.798039978669951799e-01	1.540037733162612943e+00
4.781662334342127729e-01	1.538811532026038487e+00
4.765241284367379704e-01	1.537538258097552735e+00
4.748952617619798811e-01	1.536283765863712736e+00
4.732775905100828906e-01	1.534937923485452105e+00
4.716646350607550109e-01	1.533619437905457961e+00
4.700687896833626311e-01	1.532286979508566072e+00
4.684546677359038291e-01	1.531076212353571497e+00
4.668638977202894669e-01	1.529744347496639012e+00
4.652844890015577772e-01	1.528381736078892494e+00
4.637093550495885452e-01	1.527002133499093972e+00
4.621315456265481236e-01	1.525732177107331333e+00
4.605660015868391355e-01	1.524402708596860112e+00
4.590115323940975323e-01	1.522992367896037091e+00
4.574681990528089992e-01	1.521608668798599906e+00
4.559163511283784720e-01	1.520259791454972254e+00
4.543685105258125634e-01	1.518798504360346691e+00
4.528349470743275873e-01	1.517376524729040055e+00
4.513019875419655436e-01	1.516021537322964408e+00
4.497897317853762900e-01	1.514577485824333269e+00
4.482777040161793347e-01	1.513115017352730574e+00
4.467837771987914763e-01	1.511628519071990029e+00
4.452854355209716619e-01	1.510161013089781346e+00
4.437920265850364698e-01	1.508741430591128418e+00
4.423058630622525023e-01	1.507211086435366942e+00
4.407954969032655268e-01	1.505621748995414233e+00
4.393321132924128403e-01	1.504120703469386644e+00
4.378578059077426476e-01	1.502588442379975797e+00
4.363930259362434616e-01	1.501129835458107520e+00
4.349296959563266896e-01	1.499572602945542732e+00
4.334876746693038241e-01	1.498036538622700586e+00
4.320273486719006795e-01	1.496461328778840194e+00
4.305856802214946821e-01	1.494948729235146434e+00
4.291520924920406155e-01	1.493284409062533902e+00
4.277211542050610160e-01	1.491693698508622212e+00
4.263127880246616597e-01	1.490106438090352592e+00
4.248875947077578319e-01	1.488466740648554554e+00
4.234774454773039265e-01	1.486815651227046287e+00
4.220755059467159453e-01	1.485200466433657107e+00
4.206534727162599130e-01	1.483611167259984542e+00
4.192462037247872142e-01	1.481936644912069445e+00
4.178616934128911442e-01	1.480290099845199547e+00
4.164808800881363848e-01	1.478662656210212534e+00
4.151092147637827634e-01	1.476920902531374979e+00
4.137465725506471181e-01	1.475249860688554016e+00
4.123737634058041168e-01	1.473517864300557978e+00
4.110102025109763080e-01	1.471793341211248052e+00
4.096516432387774520e-01	1.470155530800985044e+00
4.082970647387919594e-01	1.468340953094025680e+00
4.069523061279675114e-01	1.466546215669304321e+00
4.056043162343944686e-01	1.464834987524640697e+00
4.042733259422892633e-01	1.463063559538779979e+00
4.029376171942317120e-01	1.461277714904437586e+00
4.016278783889039583e-01	1.459560502455934827e+00
4.003079704414633788e-01	1.457766898624133667e+00
3.989947516429829810e-01	1.455962194684355726e+00
3.976906682782964664e-01	1.454187504922464846e+00
3.963773763723940635e-01	1.452274755760772029e+00
3.950706831747833880e-01	1.450445762861258148e+00
3.937685876024251685e-01	1.448645749162753571e+00
3.924851455490032670e-01	1.446814863432486220e+00
3.912058036127530891e-01	1.444929268998328187e+00
3.899201967087377874e-01	1.443033809415336766e+00
3.886451217665184421e-01	1.441116736955174948e+00
3.873780042770737508e-01	1.439341839010599644e+00
3.861059948837664013e-01	1.437479706466049389e+00
3.848599100215239210e-01	1.435573126070205374e+00
3.836082459754940333e-01	1.433673114679707927e+00
3.823615835775186489e-01	1.431705025716041080e+00
3.811115192832388310e-01	1.429721112405588634e+00
3.798593163205427614e-01	1.427855058098314034e+00
3.786322882035447757e-01	1.425879015418916262e+00
3.774116282603794947e-01	1.423963762681545786e+00
3.761859965034698994e-01	1.422019464316322868e+00
3.749707333574070489e-01	1.420059222643881514e+00
3.737607381547171648e-01	1.418092850388921189e+00
3.725351673026062183e-01	1.416132730749753987e+00
3.713233651024019921e-01	1.414065635185951519e+00
3.701203742143195363e-01	1.411961140284756500e+00
3.689290068057516359e-01	1.409985744042530298e+00
3.677330322490757752e-01	1.407977623884741236e+00
3.665503441180538724e-01	1.405952466945938006e+00
3.653746321162030797e-01	1.403885698456752262e+00
3.641896857884485694e-01	1.401879939636051065e+00
3.630189647383790796e-01	1.399774128806235973e+00
3.618480217201207050e-01	1.397683302937966277e+00
3.606864062274402483e-01	1.395642625906304390e+00
3.595203067386097406e-01	1.393555601487094231e+00
3.583514167389568739e-01	1.391536219110322881e+00
3.571999691470755245e-01	1.389413265809652520e+00
3.560579148186703846e-01	1.387283954962250432e+00
3.549216327551516503e-01	1.385142469647979047e+00
3.537762236558785744e-01	1.383059685915795090e+00
3.526505611714455535e-01	1.380918817260504250e+00
3.515158582840313128e-01	1.378749363065783662e+00
3.503751515413345285e-01	1.376565134416186442e+00
3.492592118694566317e-01	1.374410903219945856e+00
3.481460005054895501e-01	1.372164121282004601e+00
3.470370038733481821e-01	1.370065656288634193e+00
3.459322222011715908e-01	1.367896540928633886e+00
3.448220960456397366e-01	1.365685552299052086e+00
3.437255523158435078e-01	1.363538406311995965e+00
3.426178457272791578e-01	1.361266021171841256e+00
3.415217867121420614e-01	1.358987606200409592e+00
3.404464390695307596e-01	1.356759393663282909e+00
3.393562218593309532e-01	1.354545019427247921e+00
3.382851052168842632e-01	1.352327771611835594e+00
3.372041855016897904e-01	1.350088354301889781e+00
3.361264149281344982e-01	1.347801946394074246e+00
3.350659441897570479e-01	1.345516550762975605e+00
3.340021051823108822e-01	1.343263293808198089e+00
3.329326329338289647e-01	1.341052053085223239e+00
3.318785295132553048e-01	1.338758914765904029e+00
3.308232638046455509e-01	1.336564892604702015e+00
3.297813570473668299e-01	1.334255463221200921e+00
3.287464645583629275e-01	1.331895742524387583e+00
3.277064642670809436e-01	1.329531376910926932e+00
3.266697214327981547e-01	1.327217597863992182e+00
3.256354218549978863e-01	1.324904045809538689e+00
3.246059029922543360e-01	1.322619700118366382e+00
3.235731797584696090e-01	1.320179135481484689e+00
3.225558248961838403e-01	1.317812410539476398e+00
3.215227062450727313e-01	1.315466369494695087e+00
3.205025272095191058e-01	1.313147282305819230e+00
3.194937113358112257e-01	1.310735888032684704e+00
3.184962724524913469e-01	1.308318062162351803e+00
3.174860216579381000e-01	1.305888670377893801e+00
3.165011110194857480e-01	1.303480005567315470e+00
3.155013947150662745e-01	1.301039994535044597e+00
3.145083606667326004e-01	1.298685200066923562e+00
3.135177881728474780e-01	1.296342579966401898e+00
3.125237125094438850e-01	1.293865300873197732e+00
3.115373472995090487e-01	1.291413415690616961e+00
3.105618704815460429e-01	1.288945025850640969e+00
3.095889517384205480e-01	1.286541602072651447e+00
3.085997605249884423e-01	1.284073044449019374e+00
3.076336613953554733e-01	1.281600768926340006e+00
3.066801944260987844e-01	1.279096690359340149e+00
3.057151531850862969e-01	1.276695421701158351e+00
3.047577067770255721e-01	1.274164793498635984e+00
3.038065549105276042e-01	1.271685927272928840e+00
3.028612333580960048e-01	1.269144412738899330e+00
3.019167620767359006e-01	1.266575237592176828e+00
3.009688276319152922e-01	1.264096490101098036e+00
3.000426495392431447e-01	1.261605599170358749e+00
2.991025165431282495e-01	1.259074372601278302e+00
2.981624546073117221e-01	1.256517960793595456e+00
2.972211420559428552e-01	1.254040528682778044e+00
2.962924185983290548e-01	1.251409755491855957e+00
2.953718989512846282e-01	1.248872858718067080e+00
2.944552973579447896e-01	1.246312454947830606e+00
2.935308364329194397e-01	1.243679924003201265e+00
2.926088920499363977e-01	1.241068779197779692e+00
2.917080991786065169e-01	1.238507027711498898e+00
2.908026276425754175e-01	1.235966717157324091e+00
2.899037539057704449e-01	1.233346851794414833e+00
2.889958086885642263e-01	1.230699700611199043e+00
2.880946762610098744e-01	1.228023182403896740e+00
2.872072062341746168e-01	1.225376208361608654e+00
2.863246516842206102e-01	1.222757668092636418e+00
2.854363704511517219e-01	1.220081058378950090e+00
2.845521631875898572e-01	1.217475524080845917e+00
2.836585335445779288e-01	1.214806477791947836e+00
2.827740504483512995e-01	1.212083278036648171e+00
2.818937630282715712e-01	1.209426313812636877e+00
2.810223642359973018e-01	1.206714379923711888e+00
2.801546350524923845e-01	1.204151795638537914e+00
2.792843155257941357e-01	1.201389571828956226e+00
2.784251236756451475e-01	1.198707516718393151e+00
2.775624862061071285e-01	1.195940211839005229e+00
2.767032047375836967e-01	1.193142092901767093e+00
2.758527511130966503e-01	1.190458075704686314e+00
2.749951990617577335e-01	1.187750387906758354e+00
2.741401549510909530e-01	1.185054382045541921e+00
2.732993916120507460e-01	1.182247686494803718e+00
2.724507004269734467e-01	1.179540342114470564e+00
2.716138383982994453e-01	1.176730199130330723e+00
2.707786837414022374e-01	1.173927815453552403e+00
2.699454755037322129e-01	1.171196293407875455e+00
2.691102910144066995e-01	1.168423302836951061e+00
2.682850185573881774e-01	1.165607779706286040e+00
2.674521031294283535e-01	1.162801813925929295e+00
2.666252355610551628e-01	1.160051615010892379e+00
2.658085991102031587e-01	1.157222312694181188e+00
2.649867603797922966e-01	1.154404777827689799e+00
2.641751040228941250e-01	1.151586673953966411e+00
2.633717564691341884e-01	1.148762335771589260e+00
2.625639586926704072e-01	1.145911568328402019e+00
2.617634954579950435e-01	1.143000716624114066e+00
2.609522973281074298e-01	1.140215627560761114e+00
2.601401943654044757e-01	1.137364782412604081e+00
2.593414924314053627e-01	1.134424274194569149e+00
2.585549740370924887e-01	1.131533006742442282e+00
2.577504343840243406e-01	1.128630284636801040e+00
2.569579285743486263e-01	1.125701596574251617e+00
2.561661461034987486e-01	1.122800516503762891e+00
2.553801824146271215e-01	1.119897103414001061e+00
2.546083452564734673e-01	1.116973679469009273e+00
2.538243475154780548e-01	1.114131817043176431e+00
2.530461108779079593e-01	1.111186896498375765e+00
2.522740472824986924e-01	1.108246973229505938e+00
2.514975063529604760e-01	1.105317414393121256e+00
2.507307784134141238e-01	1.102324199582587427e+00
2.499571300145172481e-01	1.099400897115235143e+00
2.491977974704319143e-01	1.096455778093848865e+00
2.484343964190623699e-01	1.093387550074030434e+00
2.476783299629173873e-01	1.090452768560846053e+00
2.469150272901312060e-01	1.087474099494161628e+00
2.461650175706331101e-01	1.084419441606769174e+00
2.454062602882006450e-01	1.081391131345390111e+00
2.446666955234701457e-01	1.078395198844105396e+00
2.439185392272051056e-01	1.075405155152060033e+00
2.431753285527177566e-01	1.072368044168340306e+00
2.424382207259540567e-01	1.069394956749989412e+00
2.416982686483080955e-01	1.066341349922563353e+00
2.409644193038592841e-01	1.063338673162887549e+00
2.402321050655915891e-01	1.060279278090344279e+00
2.394924305043001633e-01	1.057226774408923209e+00
2.387612495153612346e-01	1.054119232846316701e+00
2.380416024149989707e-01	1.051068614669390611e+00
2.373137711205964839e-01	1.047894137050687569e+00
2.365808771715215697e-01	1.044842453361816581e+00
2.358546940260044245e-01	1.041714942207053962e+00
2.351355384014225114e-01	1.038698771577629021e+00
2.344273319089276997e-01	1.035524756620466391e+00
2.337145260351560783e-01	1.032459808221905417e+00
2.330028762344548421e-01	1.029304018056096393e+00
2.322876552686289620e-01	1.026238635433217805e+00
2.315808099671538556e-01	1.023057354267762786e+00
2.308748246545463678e-01	1.019900268363261198e+00
2.301789477482261703e-01	1.016777672913637520e+00
2.294768478108327459e-01	1.013540194371420622e+00
2.287785187464726477e-01	1.010385820921882560e+00
2.280831099169230991e-01	1.007253027510384813e+00
2.273932745910901554e-01	1.004054939810357761e+00
2.267033622463195675e-01	1.000880512147794166e+00
2.260216233404268582e-01	9.976407446226058795e-01
2.253402073823390639e-01	9.944117777330426788e-01
2.246506564402503681e-01	9.911796737259773726e-01
2.239682648613928739e-01	9.879516289118470684e-01
2.232885957499152196e-01	9.847742889825120693e-01
2.226129270593261156e-01	9.816243109889203344e-01
2.219417586644404639e-01	9.783469201368143464e-01
2.212688549136197502e-01	9.751063161468069840e-01
2.205981338358598831e-01	9.718217461883323915e-01
2.199236905443834045e-01	9.684992529827723962e-01
2.192591037690127809e-01	9.652072938058787743e-01
2.185951874499249270e-01	9.618604306635600842e-01
2.179283809556128992e-01	9.585681887429283732e-01
2.172679249414293245e-01	9.552866170437875892e-01
2.166066531273917739e-01	9.519420985151659798e-01
2.159494152189478378e-01	9.486114103887215432e-01
2.152943885906917765e-01	9.452989339421712378e-01
2.146337544160015209e-01	9.419647297450916001e-01
2.139800026574407987e-01	9.386847932950465045e-01
2.133405936068386299e-01	9.353158769136571404e-01
2.126818128566886346e-01	9.319591561693970627e-01
2.120536120814275338e-01	9.286105488610032488e-01
2.114140222904081767e-01	9.251976433091319008e-01
2.107735531529824902e-01	9.217853967272565674e-01
2.101329783226105752e-01	9.184012523634601521e-01
2.095003037073179530e-01	9.149896650100807216e-01
2.088646330626051095e-01	9.115802373382894119e-01
2.082315994278419180e-01	9.082078336925406559e-01
2.076070119066776298e-01	9.048145627302254246e-01
2.069799222614228662e-01	9.013693479587194801e-01
2.063495850614789906e-01	8.979201790633406510e-01
2.057149542145345900e-01	8.944497218389858562e-01
2.050940116977078564e-01	8.909582825392726724e-01
2.044692340053620716e-01	8.875114383178447364e-01
2.038560312556692566e-01	8.840454555664452041e-01
2.032383962262389043e-01	8.804894313493066837e-01
2.026327562166947149e-01	8.769658333731971123e-01
2.020115121718118467e-01	8.734244745236450225e-01
2.014067107087297026e-01	8.699015426044889310e-01
2.007907486817778475e-01	8.663306726880792841e-01
2.001849564485461974e-01	8.628179920954600624e-01
1.995819321075877895e-01	8.592542659767699043e-01
1.989742371982157476e-01	8.556448244572408823e-01
1.983646946882141882e-01	8.520910026467689580e-01
1.977658152415371628e-01	8.484836012086220958e-01
1.971660499512478404e-01	8.449226750480555159e-01
1.965759351665592736e-01	8.413304513911993299e-01
1.959729437770785787e-01	8.377391544230560205e-01
1.953806944165688286e-01	8.340431784350897937e-01
1.947877147761533922e-01	8.304152462624903031e-01
1.942023475263955357e-01	8.267344728080031624e-01
1.936109176287386935e-01	8.230823806610215732e-01
1.930255574982055466e-01	8.194199970069792061e-01
1.924452665520663963e-01	8.156934801776416499e-01
1.918617814478327521e-01	8.119924930487315562e-01
1.912870749013926008e-01	8.082629736406521381e-01
1.907024623808805108e-01	8.045362450469440985e-01
1.901219520197162116e-01	8.007847552389375512e-01
1.895437128849808417e-01	7.970666156862599161e-01
1.889675721202291603e-01	7.932773125036400863e-01
1.884016288829252483e-01	7.894987595162905603e-01
1.878243488808803985e-01	7.856670012102121570e-01
1.872542244997204564e-01	7.819204908010152222e-01
1.866813625851421743e-01	7.781277647522462093e-01
1.861145163717486395e-01	7.742458495902385662e-01
1.855554440504882108e-01	7.703433280172478081e-01
1.849892648561154151e-01	7.665766225221988250e-01
1.844391631914871765e-01	7.627548048742244235e-01
1.838627371538516242e-01	7.587824695379868922e-01
1.833040187161316392e-01	7.549067897447858666e-01
1.827416667198153988e-01	7.509326417108390661e-01
1.821888727084965132e-01	7.470215047662155383e-01
1.816417824965214645e-01	7.430337627666404599e-01
1.810924229618865178e-01	7.391298752886521495e-01
1.805386357729167335e-01	7.351118574452055743e-01
1.799809066138554903e-01	7.311417372766959577e-01
1.794379781956930153e-01	7.271565837521887232e-01
1.788741914519977327e-01	7.231419037274658956e-01
1.783316420379586764e-01	7.190459400202896534e-01
1.777850943451775023e-01	7.149922311725961377e-01
1.772493325494849670e-01	7.108939794969193482e-01
1.767012011779836023e-01	7.067175601340028868e-01
1.761663563539490884e-01	7.026059866618560301e-01
1.756262265383930210e-01	6.984324112377147120e-01
1.750857013046267507e-01	6.942224244884802609e-01
1.745467784803941824e-01	6.900045214139532979e-01
1.740131183916316659e-01	6.858007841897719725e-01
1.734736748904523451e-01	6.816075468059350495e-01
1.729458943965261064e-01	6.772763985117140617e-01
1.724188171477719078e-01	6.729521601341108550e-01
1.718836839567489394e-01	6.686256097071791027e-01
1.713512642662999297e-01	6.642608965423162370e-01
1.708219512014806096e-01	6.598642778831592670e-01
1.702977996461602084e-01	6.554878224088503957e-01
1.697712969683362050e-01	6.509967253942400278e-01
1.692524907053236383e-01	6.464890987078669715e-01
1.687327204021808191e-01	6.419666548996948441e-01
1.682118783094245229e-01	6.374197204135116923e-01
1.676852026177683141e-01	6.328350631411769900e-01
1.671571051912585648e-01	6.282047393378893396e-01
1.666383920420572429e-01	6.235355950086957089e-01
1.661124839027167954e-01	6.187774943087344104e-01
1.655939248780073925e-01	6.139807166346139544e-01
1.650785773131996925e-01	6.092121507744532316e-01
1.645622518727078709e-01	6.043213393123999522e-01
1.640466524889306332e-01	5.994188866567193852e-01
1.635252134505865707e-01	5.944018720660780852e-01
1.630084719777552260e-01	5.893427138431147627e-01
1.625004662707606184e-01	5.841959686744796487e-01
1.619812591637954657e-01	5.789911657033851577e-01
1.614656130453173133e-01	5.736724131927194437e-01
1.609459308996314397e-01	5.682768666632835863e-01
1.604316526359794715e-01	5.627232987526583630e-01
1.599168834931676553e-01	5.571058155213761687e-01
1.594023732635111990e-01	5.512513852317785235e-01
1.588887917924374504e-01	5.452502864392319015e-01
1.583666736515240703e-01	5.390210498830596553e-01
1.578428632162731660e-01	5.324326871560443042e-01
1.573223837285949445e-01	5.254348526064926972e-01
1.567784623190755788e-01	5.175756188919786727e-01
1.562263044305450543e-01	4.791637619835533712e-01
1.556924132813185258e-01	4.297281368636330923e-01
1.551740132414483331e-01	3.912108919500392745e-01
1.546618364702818105e-01	3.587480636339410167e-01
1.541584619642266119e-01	3.305621717499809820e-01
1.536596639328315639e-01	3.056765795612260694e-01
1.531647041654580488e-01	2.834392700673820098e-01
1.526745199390788232e-01	2.634208545691743009e-01
1.521868315629406332e-01	2.452796236858335033e-01
1.517016358947842203e-01	2.287549359132686755e-01
1.512221689220326348e-01	2.136528207911130017e-01
1.507446396558899393e-01	1.997932220034188133e-01
1.502688952184425830e-01	1.870377499253969567e-01
1.497962002217670952e-01	1.752756877340868880e-01
1.493248851104685693e-01	1.644004345099376596e-01
1.488578767061619068e-01	1.543272597980424599e-01
1.483932492341589193e-01	1.449818462436717192e-01
1.479310758561622474e-01	1.362999934046761341e-01
1.474717937826041936e-01	1.282182995231371248e-01
1.470145705402751413e-01	1.206836278942357704e-01
1.465585181091574041e-01	1.136589129165335721e-01
1.461058565879806148e-01	1.070996161035112360e-01
1.456548973802222480e-01	1.009684427387997629e-01
1.452050943713317777e-01	9.523370809211374743e-02
1.447576227863923426e-01	8.986463011123919931e-02
1.443112592020325824e-01	8.483240082381618419e-02
1.438674516686904992e-01	8.011075191480614144e-02
1.434267290449055265e-01	7.568058922321020676e-02
1.429874642964893694e-01	7.151955857975542119e-02
1.425501132694522721e-01	6.761305039056551835e-02
1.421146523764416358e-01	6.394157963929522626e-02
1.416807468208246268e-01	6.048722147002012078e-02
1.412482513918330296e-01	5.723538025587145833e-02
1.408180074968234108e-01	5.417299440617447115e-02
1.403901538848536246e-01	5.128931864578057526e-02
1.399633754380237849e-01	4.857079779308010048e-02
1.395382886158924030e-01	4.600774793293545273e-02
1.391155802149197651e-01	4.359042488525610021e-02
1.386943898187669166e-01	4.130904738679393173e-02
1.382745880222277235e-01	3.915506095718508661e-02
1.378561585928915756e-01	3.712185805531802163e-02
1.374390221424635350e-01	3.520114416509997207e-02
1.370241034176180872e-01	3.338735601943977616e-02
1.366098925441261713e-01	3.167386751789021820e-02
1.361980338511471489e-01	3.005366741936622843e-02
1.357878290560294576e-01	2.852068655909032260e-02
1.353782831134177078e-01	2.707082240627871686e-02
1.349712994615708817e-01	2.569829271289859537e-02
1.345657092314357650e-01	2.440153447524431168e-02
1.341620587723123814e-01	2.317342011528757476e-02
1.337597476698291765e-01	2.201032157521125993e-02
1.333578884360057670e-01	2.090901485015089420e-02
1.329576841050252034e-01	1.986425281710621493e-02
1.325594489023056433e-01	1.887531965509233953e-02
1.321629502631430364e-01	1.793738983025428349e-02
1.317680130972236074e-01	1.704870048477666322e-02
1.313749573576352414e-01	1.620691148661178305e-02
1.309835790783775711e-01	1.540803767638471329e-02
1.305929327963404885e-01	1.465123298358911828e-02
1.302045952261644823e-01	1.393286866856211816e-02
1.298165695613437975e-01	1.325079947139260958e-02
1.294295376025131339e-01	1.260387709750507290e-02
1.290449726988059653e-01	1.198906727631095237e-02
1.286617283690424107e-01	1.140586061930584129e-02
1.282793201585907539e-01	1.085259208016314120e-02
1.278988434757094284e-01	1.032766760201991527e-02
1.275206936006508529e-01	9.829043974197187311e-03
1.271439494650319080e-01	9.354748296592886939e-03
1.267673693977799110e-01	8.904246688935522555e-03
1.263923719728028972e-01	8.476251384838557473e-03
1.260193191678840585e-01	8.069428183960357381e-03
1.256468639343173432e-01	7.682711279328707787e-03
1.252759505044331034e-01	7.315361324019426133e-03
1.249067466897148398e-01	6.966446853808396650e-03
1.245383629244364854e-01	6.633970419095530299e-03
1.241710184797105848e-01	6.318801430593881489e-03
1.238041289407486034e-01	6.018561861868224755e-03
1.234387441564374216e-01	5.733344300563859852e-03
1.230745712497963024e-01	5.462418383217603618e-03
1.227120850026799659e-01	5.204310758144573348e-03
1.223514055076159179e-01	4.958798089388619275e-03
1.219914363477066499e-01	4.725278112739127352e-03
1.216329754722002138e-01	4.503018810470682878e-03
1.212763344942009436e-01	4.291240287885612903e-03
1.209206863428370637e-01	4.089894256923771489e-03
1.205654568287372053e-01	3.898354299353779754e-03
1.202124047458534156e-01	3.716089793600403819e-03
1.198603756457629621e-01	3.542319102751507326e-03
1.195088544049409673e-01	3.376979967226053161e-03
1.191589302085254432e-01	3.219713225933272874e-03
1.188103140484192966e-01	3.069739366591351173e-03
1.184628403645870548e-01	2.927100337691591458e-03
1.181163194340602435e-01	2.791246325324475090e-03
1.177708677727141023e-01	2.661857050047630648e-03
1.174267194957483440e-01	2.538611137579097499e-03
1.170837731218750122e-01	2.421035940424061741e-03
1.167423595343108217e-01	2.308981310057999121e-03
1.164015991751396750e-01	2.202587895679145209e-03
1.160622795357417192e-01	2.101158756152936812e-03
1.157236576140140694e-01	2.004488017447475338e-03
1.153868581545868799e-01	1.912587412948450923e-03
1.150512295221447351e-01	1.824886001962587167e-03
1.147157660616033165e-01	1.741017762265062571e-03
1.143812554287318012e-01	1.661396416369688824e-03
1.140490910645414191e-01	1.585524454741948355e-03
1.137176155184832643e-01	1.512973069286059451e-03
1.133869766080617542e-01	1.444039499096704329e-03
1.130572867968602652e-01	1.378382349669051354e-03
1.127286776303254578e-01	1.315760970330270797e-03
1.124013382631308122e-01	1.255816937153848975e-03
1.120749172294873558e-01	1.198486926783087249e-03
1.117496006179296286e-01	1.143833755006952923e-03
1.114256858368914138e-01	1.091716369778662505e-03
1.111029918202707661e-01	1.042059085633194456e-03
1.107808766159098235e-01	9.947662245670730631e-04
1.104610262263758108e-01	9.496904638698103977e-04
1.101419300270242985e-01	9.066316550698583568e-04
1.098236126395697593e-01	8.657695774992934601e-04
1.095059160487677069e-01	8.266480279649870196e-04
1.091893461137713878e-01	7.893576325120429298e-04
1.088741031006152243e-01	7.538132983530194692e-04
1.085601516875284722e-01	7.197484794235915187e-04
1.082466961907724012e-01	6.871971866469948030e-04
1.079349696329204578e-01	6.561359725562788568e-04
1.076237225556221228e-01	6.265639626330737422e-04
1.073130101361981642e-01	5.985230262675413125e-04
1.070047443143154892e-01	5.715959984413886402e-04
1.066969104920611894e-01	5.457193147508320168e-04
1.063893024683275484e-01	5.212702402019023153e-04
1.060833392815916654e-01	4.979367859879929364e-04
1.057782059116641332e-01	4.755349997218126620e-04
1.054740401053663595e-01	4.543433706497997083e-04
1.051707193729099071e-01	4.341439962690129325e-04
1.048691950886744967e-01	4.147714356651233656e-04
1.045685186027606461e-01	3.962997151477718068e-04
1.042683615170168776e-01	3.786007749100127177e-04
1.039693752405264210e-01	3.618598843491502444e-04
1.036709795817501445e-01	3.458079937091521863e-04
1.033741521703912952e-01	3.304030188204289944e-04
1.030775935728288073e-01	3.155346491046213085e-04
1.027817810656218717e-01	3.014041793232207856e-04
1.024868998169839035e-01	2.880457296892877908e-04
1.021933883930944559e-01	2.752637871177480251e-04
1.019009483483728773e-01	2.630223154602091330e-04
1.016094223132123914e-01	2.513677459585340456e-04
1.013190198509672929e-01	2.402552334862843527e-04
1.010290441871874723e-01	2.296622816900995207e-04
1.007404665099335267e-01	2.194315554572720225e-04
1.004527435871478275e-01	2.096634078923417170e-04
1.001659561542105198e-01	2.003456852004513033e-04
9.988013210924760743e-02	1.915189990310378599e-04
9.959466204711273085e-02	1.831341304437990444e-04
9.931080058080410389e-02	1.751022743530889717e-04
9.902752776285808634e-02	1.674278672039368563e-04
9.874534148316585491e-02	1.600842754700632987e-04
9.846397803956563610e-02	1.530162058440298774e-04
9.818326378681675737e-02	1.462468333797322707e-04
9.790328218834652707e-02	1.398687973321420931e-04
9.762469466078835256e-02	1.337619306316168897e-04
9.734711438763667124e-02	1.278871072558146395e-04
9.707111963764167295e-02	1.222871163023866157e-04
9.679576312442865482e-02	1.169297198338638938e-04
9.652053762016742089e-02	1.118252374738427625e-04
9.624654210264139975e-02	1.069060899024960881e-04
9.597326841735083491e-02	1.022146683745673830e-04
9.570089717089831638e-02	9.774475022589329521e-05
9.542888912330522999e-02	9.349588753732616996e-05
9.515844292363799528e-02	8.945344725862118334e-05
9.488951315533515618e-02	8.553249662393798468e-05
9.462076781521021329e-02	8.181101140093398230e-05
9.435299176619861561e-02	7.825797606045413349e-05
9.408560739509833071e-02	7.482037785386898071e-05
9.381887645592271174e-02	7.157934884219699107e-05
9.355284157240882636e-02	6.839913283128283171e-05
9.328799280324261145e-02	6.541358552167910725e-05
9.302438515686005382e-02	6.255527487916456896e-05
9.276128448389178716e-02	5.982615972789684275e-05
9.249865432853793257e-02	5.720627023306072858e-05
9.223748460505255820e-02	5.475438146255532106e-05
9.197699354267073468e-02	5.242700425298046631e-05
9.171760166694993555e-02	5.015155990435434739e-05
9.145864761585076330e-02	4.802178762773803421e-05
9.120059532569231575e-02	4.598107803938942314e-05
9.094289467302898999e-02	4.403684271350356974e-05
9.068594605221239058e-02	4.216039794068266719e-05
9.042951985142277938e-02	4.032983495594219493e-05
9.017430822064398388e-02	3.858166391512354984e-05
8.992053330603490269e-02	3.691395453217439555e-05
8.966756960739108440e-02	3.532659620235467754e-05
8.941463254739896727e-02	3.380008745557100533e-05
8.916225091783100409e-02	3.234698323122562957e-05
8.891088209333482262e-02	3.096124177582034267e-05
8.866062055368212347e-02	2.961830453525009566e-05
8.841179318926618846e-02	2.835364973707839395e-05
8.816348824217674907e-02	2.714656224915371277e-05
8.791569409701546767e-02	2.596877772251824160e-05
8.766784127943079430e-02	2.486123161062264988e-05
8.742152576970406430e-02	2.381495356240428263e-05
8.717584203402739540e-02	2.282363829998576468e-05
8.693109487722205930e-02	2.185441336563914694e-05
8.668757882231419021e-02	2.090487509666878231e-05
8.644461484536034024e-02	2.002224864755011941e-05
8.620226501679201236e-02	1.920524369302897228e-05
8.595976311880561271e-02	1.837919179225575399e-05
8.571850482804400928e-02	1.758624953987042682e-05
8.547856953552884773e-02	1.681905667155388976e-05
8.523976338604341563e-02	1.607729134371887331e-05
8.500082057641367150e-02	1.538502507460453523e-05
8.476303144614363849e-02	1.473502773285819236e-05
8.452596715052396181e-02	1.411864132845700457e-05
8.428978279383574079e-02	1.351344088355808655e-05
8.405312602578826620e-02	1.294144682372997851e-05
8.381789964091010403e-02	1.238550160823413192e-05
8.358328111452086040e-02	1.185608361706000895e-05
8.334914531363542267e-02	1.134852878950822399e-05
8.311605834660626413e-02	1.086805955926374713e-05
8.288454498468801612e-02	1.041294257681231999e-05
8.265344328878557190e-02	9.975572881821540675e-06
8.242270809589352654e-02	9.565452095039778907e-06
8.219224592691447284e-02	9.154050871649358677e-06
8.196172873145673998e-02	8.765663989747987176e-06
8.173311107558325905e-02	8.390067927260998543e-06
8.150515103167085829e-02	8.020690439644252275e-06
8.127803312390365076e-02	7.673683277143348585e-06
8.105190383154743661e-02	7.331136248402895650e-06
8.082594823462506406e-02	7.008932547227871705e-06
8.060091523349778575e-02	6.731459280556417149e-06
8.037631963208653751e-02	6.449957173264013866e-06
8.015297102465245016e-02	6.175840331473549963e-06
7.993005443357327489e-02	5.930186832814279958e-06
7.970743871211308229e-02	5.677929528135390438e-06
7.948581322831256568e-02	5.435505891514858994e-06
7.926474927550981875e-02	5.212125848750855102e-06
7.904444881872911555e-02	4.992885521332578568e-06
7.882471341905682161e-02	4.777988990584406054e-06
7.860588693971112817e-02	4.577088540441109470e-06
7.838814905695787316e-02	4.378126050663413047e-06
7.817035456049535591e-02	4.185253848276519684e-06
7.795325963572921624e-02	4.010794421314599664e-06
7.773708221535337304e-02	3.854986453697835110e-06
7.752167402623785786e-02	3.698679369035003495e-06
7.730675034069689477e-02	3.543477573138457594e-06
7.709247090901762134e-02	3.400675600971661890e-06
7.687832702267155538e-02	3.249176063747607208e-06
7.666502897794233440e-02	3.107643739181930458e-06
7.645217559732493673e-02	2.981776823360792704e-06
7.624011485287936207e-02	2.852026954542643734e-06
7.602914853410630558e-02	2.735150064052653895e-06
7.581892701969229764e-02	2.615479940701251231e-06
7.560933099156551263e-02	2.504658344957089219e-06
