
problem 1 - 3d, voids+absorbers

			 x, y, z	Reference	Rel-Err		MCNP-result	Rel-err 	  C/E
	Detector Set A
		f1105	 5, 5, 5	5.95659e+00 	0.0000		5.98902e+00 	0.0077		  1.01
		f1115	 5,15, 5	1.37185e+00 	0.0000		1.37741e+00 	0.0016		  1.00
		f1125	 5,25, 5	5.00871e-01 	0.0000		5.02954e-01 	0.0010		  1.00
		f1135	 5,35, 5	2.52429e-01 	0.0000		2.53616e-01 	0.0009		  1.00
		f1145	 5,45, 5	1.50260e-01 	0.0000		1.51082e-01 	0.0008		  1.01
		f1155	 5,55, 5	5.95286e-02 	0.0000		5.98745e-02 	0.0008		  1.01
		f1165	 5,65, 5	1.53283e-02 	0.0000		1.54157e-02 	0.0007		  1.01
		f1175	 5,75, 5	4.17689e-03 	0.0000		4.20041e-03 	0.0007		  1.01
		f1185	 5,85, 5	1.18533e-03 	0.0000		1.19194e-03 	0.0007		  1.01
		f1195	 5,95, 5	3.46846e-04 	0.0000		3.48766e-04 	0.0007		  1.01
	Detector Set B
		f1205	 5, 5, 5	5.95659e+00 	0.0000		5.98902e+00 	0.0077		  1.01
		f1215	15,15,15	4.70754e-01 	0.0000		4.72808e-01 	0.0012		  1.00
		f1225	25,25,25	1.69968e-01 	0.0000		1.70924e-01 	0.0008		  1.01
		f1235	35,35,35	8.68334e-02 	0.0000		8.74530e-02 	0.0007		  1.01
		f1245	45,45,45	5.25132e-02 	0.0000		5.29738e-02 	0.0006		  1.01
		f1255	55,55,55	1.33378e-02 	0.0000		1.34641e-02 	0.0006		  1.01
		f1265	65,65,65	1.45867e-03 	0.0000		1.47220e-03 	0.0006		  1.01
		f1275	75,75,75	1.75364e-04 	0.0000		1.76968e-04 	0.0006		  1.01
		f1285	85,85,85	2.24607e-05 	0.0000		2.26640e-05 	0.0006		  1.01
		f1295	95,95,95	3.01032e-06 	0.0000		3.03736e-06 	0.0006		  1.01
	Detector Set C
		f1305	 5,55, 5	5.95286e-02 	0.0000		5.98745e-02 	0.0008		  1.01
		f1315	15,55, 5	5.50247e-02 	0.0000		5.53441e-02 	0.0007		  1.01
		f1325	25,55, 5	4.80754e-02 	0.0000		4.83744e-02 	0.0007		  1.01
		f1335	35,55, 5	3.96765e-02 	0.0000		3.99376e-02 	0.0007		  1.01
		f1345	45,55, 5	3.16366e-02 	0.0000		3.18590e-02 	0.0007		  1.01
		f1355	55,55, 5	2.35303e-02 	0.0000		2.37073e-02 	0.0007		  1.01
		f1365	65,55, 5	5.83721e-03 	0.0000		5.87924e-03 	0.0007		  1.01
		f1375	75,55, 5	1.56731e-03 	0.0000		1.57804e-03 	0.0007		  1.01
		f1385	85,55, 5	4.53113e-04 	0.0000		4.56089e-04 	0.0007		  1.01
		f1395	95,55, 5	1.37079e-04 	0.0000		1.37949e-04 	0.0007		  1.01

problem 1 - 3d, voids+abs+scat

			 x, y, z	Reference	Rel-Err		MCNP-result	Rel-err 	  C/E
	Detector Set A
		f1405	 5, 5, 5	8.29260e+00 	0.0002		8.20952e+00 	0.0023		  0.99
		f1415	 5,15, 5	1.87028e+00 	0.0001		1.87162e+00 	0.0015		  1.00
		f1425	 5,25, 5	7.13986e-01 	0.0000		7.14226e-01 	0.0010		  1.00
		f1435	 5,35, 5	3.84685e-01 	0.0000		3.84964e-01 	0.0008		  1.00
		f1445	 5,45, 5	2.53984e-01 	0.0001		2.54387e-01 	0.0009		  1.00
		f1455	 5,55, 5	1.37220e-01 	0.0007		1.37314e-01 	0.0050		  1.00
		f1465	 5,65, 5	4.65913e-02 	0.0012		4.70223e-02 	0.0065		  1.01
		f1475	 5,75, 5	1.58766e-02 	0.0020		1.58893e-02 	0.0084		  1.00
		f1485	 5,85, 5	5.47036e-03 	0.0034		5.56433e-03 	0.0126		  1.02
		f1495	 5,95, 5	1.85082e-03 	0.0062		1.81903e-03 	0.0195		  0.98
	Detector Set B
		f1505	 5, 5, 5	8.29260e+00 	0.0002		8.20952e+00 	0.0023		  0.99
		f1515	15,15,15	6.63233e-01 	0.0000		6.62638e-01 	0.0011		  1.00
		f1525	25,25,25	2.68828e-01 	0.0000		2.69111e-01 	0.0007		  1.00
		f1535	35,35,35	1.56683e-01 	0.0001		1.57140e-01 	0.0008		  1.00
		f1545	45,45,45	1.04405e-01 	0.0001		1.04916e-01 	0.0018		  1.00
		f1555	55,55,55	3.02145e-02 	0.0006		3.04146e-02 	0.0088		  1.01
		f1565	65,65,65	4.06555e-03 	0.0007		4.12245e-03 	0.0153		  1.01
		f1575	75,75,75	5.86124e-04 	0.0012		6.19841e-04 	0.0378		  1.06
		f1585	85,85,85	8.66059e-05 	0.0020		8.34285e-05 	0.0858		  0.96
		f1595	95,95,95	1.12892e-05 	0.0038		9.34490e-06 	0.0957		  0.83
	Detector Set C
		f1605	 5,55, 5	1.37220e-01 	0.0007		1.37314e-01 	0.0050		  1.00
		f1615	15,55, 5	1.27890e-01 	0.0008		1.29159e-01 	0.0053		  1.01
		f1625	25,55, 5	1.13582e-01 	0.0008		1.13767e-01 	0.0055		  1.00
		f1635	35,55, 5	9.59578e-02 	0.0009		9.68245e-02 	0.0059		  1.01
		f1645	45,55, 5	7.82701e-02 	0.0009		7.94535e-02 	0.0065		  1.02
		f1655	55,55, 5	5.67030e-02 	0.0011		5.77639e-02 	0.0073		  1.02
		f1665	65,55, 5	1.88631e-02 	0.0019		1.93132e-02 	0.0092		  1.02
		f1675	75,55, 5	6.46624e-03 	0.0031		6.64527e-03 	0.0120		  1.03
		f1685	85,55, 5	2.28099e-03 	0.0053		2.34649e-03 	0.0182		  1.03
		f1695	95,55, 5	7.93924e-04 	0.0089		8.25826e-04 	0.0289		  1.04

problem 2 - 3d, voids+absorbers

			 x, y, z	Reference	Rel-Err		MCNP-result	Rel-err 	  C/E
	Detector Set A
		f2105	 5, 5, 5	5.95659e+00 	0.0000		5.92674e+00 	0.0075		  0.99
		f2115	 5,15, 5	1.37185e+00 	0.0000		1.37399e+00 	0.0016		  1.00
		f2125	 5,25, 5	5.00871e-01 	0.0000		5.02003e-01 	0.0010		  1.00
		f2135	 5,35, 5	2.52429e-01 	0.0000		2.53214e-01 	0.0009		  1.00
		f2145	 5,45, 5	1.50260e-01 	0.0000		1.50868e-01 	0.0008		  1.00
		f2155	 5,55, 5	9.91726e-02 	0.0000		9.96694e-02 	0.0008		  1.01
		f2165	 5,65, 5	7.01791e-02 	0.0000		7.05995e-02 	0.0007		  1.01
		f2175	 5,75, 5	5.22062e-02 	0.0000		5.25705e-02 	0.0007		  1.01
		f2185	 5,86, 5	4.03188e-02 	0.0000		4.06402e-02 	0.0007		  1.01
		f2195	 5,95, 5	3.20574e-02 	0.0000		3.23450e-02 	0.0007		  1.01
	Detector Set B
		f2205	 5,95, 5	3.20574e-02 	0.0000		3.23450e-02 	0.0007		  1.01
		f2215	15,95, 5	1.70541e-03 	0.0000		1.71500e-03 	0.0013		  1.01
		f2225	25,95, 5	1.40557e-04 	0.0000		1.41036e-04 	0.0015		  1.00
		f2235	35,95, 5	3.27058e-05 	0.0000		3.27827e-05 	0.0014		  1.00
		f2245	45,95, 5	1.08505e-05 	0.0000		1.08697e-05 	0.0013		  1.00
		f2255	55,95, 5	4.14132e-06 	0.0000		4.14726e-06 	0.0012		  1.00

problem 2 - 3d, voids+abs+scat

			 x, y, z	Reference	Rel-Err		MCNP-result	Rel-err 	  C/E
	Detector Set A
		f2305	 5, 5, 5	8.61696e+00 	0.0006		8.56122e+00 	0.0022		  0.99
		f2315	 5,15, 5	2.16123e+00 	0.0001		2.16088e+00 	0.0014		  1.00
		f2325	 5,25, 5	8.93437e-01 	0.0001		8.94138e-01 	0.0010		  1.00
		f2335	 5,35, 5	4.77452e-01 	0.0001		4.78292e-01 	0.0010		  1.00
		f2345	 5,45, 5	2.88719e-01 	0.0001		2.89652e-01 	0.0011		  1.00
		f2355	 5,55, 5	1.88959e-01 	0.0001		1.89872e-01 	0.0012		  1.00
		f2365	 5,65, 5	1.31026e-01 	0.0002		1.31771e-01 	0.0014		  1.01
		f2375	 5,75, 5	9.49890e-02 	0.0002		9.55854e-02 	0.0015		  1.01
		f2385	 5,85, 5	7.12403e-02 	0.0002		7.18417e-02 	0.0016		  1.01
		f2395	 5,95, 5	5.44807e-02 	0.0002		5.49966e-02 	0.0016		  1.01
	Detector Set B
		f2405	 5,95, 5	5.44807e-02 	0.0002		5.49966e-02 	0.0016		  1.01
		f2415	15,95, 5	6.58233e-03 	0.0024		6.88322e-03 	0.0144		  1.05
		f2425	25,95, 5	1.28002e-03 	0.0034		1.31272e-03 	0.0116		  1.03
		f2435	35,95, 5	4.13414e-04 	0.0036		4.17396e-04 	0.0135		  1.01
		f2445	45,95, 5	1.55548e-04 	0.0045		1.59505e-04 	0.0196		  1.03
		f2455	55,95, 5	6.02771e-05 	0.0060		5.84019e-05 	0.0262		  0.97

problem 3 - 3d, voids+absorbers

			 x, y, z	Reference	Rel-Err		MCNP-result	Rel-err 	  C/E
	Detector Set A
		f3105	 5, 5, 5	5.95659e+00 	0.0000		5.93913e+00 	0.0076		  1.00
		f3115	 5,15, 5	1.37185e+00 	0.0000		1.37196e+00 	0.0016		  1.00
		f3125	 5,25, 5	5.00871e-01 	0.0000		5.01844e-01 	0.0010		  1.00
		f3135	 5,35, 5	2.52429e-01 	0.0000		2.53196e-01 	0.0009		  1.00
		f3145	 5,45, 5	1.50260e-01 	0.0000		1.50868e-01 	0.0008		  1.00
		f3155	 5,55, 5	9.91726e-02 	0.0000		9.96716e-02 	0.0008		  1.01
		f3165	 5,65, 5	4.22623e-02 	0.0000		4.24946e-02 	0.0007		  1.01
		f3175	 5,75, 5	1.14703e-02 	0.0000		1.15329e-02 	0.0007		  1.01
		f3185	 5,85, 5	3.24662e-03 	0.0000		3.26425e-03 	0.0007		  1.01
		f3195	 5,95, 5	9.48324e-04 	0.0000		9.53458e-04 	0.0007		  1.01
	Detector Set B
		f3205	 5,55, 5	9.91726e-02 	0.0000		9.96716e-02 	0.0008		  1.01
		f3215	15,55, 5	2.45041e-02 	0.0000		2.46292e-02 	0.0012		  1.01
		f3225	25,55, 5	4.54477e-03 	0.0000		4.56274e-03 	0.0012		  1.00
		f3235	35,55, 5	1.42960e-03 	0.0000		1.43405e-03 	0.0011		  1.00
		f3245	45,55, 5	2.64846e-04 	0.0000		2.65326e-04 	0.0010		  1.00
		f3255	55,55, 5	9.14210e-05 	0.0000		9.15328e-05 	0.0009		  1.00
	Detector Set C
		f3305	 5,95,35	3.27058e-05 	0.0000		3.28347e-05 	0.0014		  1.00
		f3315	15,95,35	2.68415e-05 	0.0000		2.69381e-05 	0.0015		  1.00
		f3325	25,95,35	1.70019e-05 	0.0000		1.70565e-05 	0.0016		  1.00
		f3335	35,95,35	3.37981e-05 	0.0000		3.39645e-05 	0.0015		  1.00
		f3345	45,95,35	6.04893e-06 	0.0000		6.07755e-06 	0.0014		  1.00
		f3355	55,95,35	3.36460e-06 	0.0000		3.37381e-06 	0.0009		  1.00

problem 3 - 3d, voids+abs+scat

			 x, y, z	Reference	Rel-Err		MCNP-result	Rel-err 	  C/E
	Detector Set A
		f3405	 5, 5, 5	8.61578e+00 	0.0004		8.53441e+00 	0.0022		  0.99
		f3415	 5,15, 5	2.16130e+00 	0.0001		2.16384e+00 	0.0014		  1.00
		f3425	 5,25, 5	8.93784e-01 	0.0001		8.95789e-01 	0.0010		  1.00
		f3435	 5,35, 5	4.78052e-01 	0.0001		4.79361e-01 	0.0010		  1.00
		f3445	 5,45, 5	2.89424e-01 	0.0001		2.90185e-01 	0.0011		  1.00
		f3455	 5,55, 5	1.92698e-01 	0.0001		1.93404e-01 	0.0013		  1.00
		f3465	 5,65, 5	1.04982e-01 	0.0008		1.05481e-01 	0.0059		  1.00
		f3475	 5,75, 5	3.37544e-02 	0.0011		3.42741e-02 	0.0088		  1.02
		f3485	 5,85, 5	1.08158e-02 	0.0016		1.09705e-02 	0.0097		  1.01
		f3495	 5,95, 5	3.39632e-03 	0.0027		3.45176e-03 	0.0119		  1.02
	Detector Set B
		f3505	 5,55, 5	1.92698e-01 	0.0001		1.93404e-01 	0.0013		  1.00
		f3515	15,55, 5	6.72147e-02 	0.0002		6.71236e-02 	0.0026		  1.00
		f3525	25,55, 5	2.21799e-02 	0.0003		2.20912e-02 	0.0039		  1.00
		f3535	35,55, 5	9.90646e-03 	0.0003		9.84591e-03 	0.0046		  0.99
		f3545	45,55, 5	3.39066e-03 	0.0019		3.37277e-03 	0.0111		  0.99
		f3555	55,55, 5	1.05629e-03 	0.0033		1.03929e-03 	0.0141		  0.98
	Detector Set C
		f3605	 5,95,35	3.44804e-04 	0.0079		3.45706e-04 	0.0273		  1.00
		f3615	15,95,35	2.91825e-04 	0.0066		2.98528e-04 	0.0275		  1.02
		f3625	25,95,35	2.05793e-04 	0.0053		2.03659e-04 	0.0300		  0.99
		f3635	35,95,35	2.62086e-04 	0.0008		2.60769e-04 	0.0122		  0.99
		f3645	45,95,35	1.05367e-04 	0.0040		1.03567e-04 	0.0436		  0.98
		f3655	55,95,35	4.44962e-05 	0.0044		4.18975e-05 	0.0479		  0.94
