2.501897935006000218e+00	4.771528867227999848e-01
2.501824875464500497e+00	4.771947564448499324e-01
2.501678743861999621e+00	4.772785067210000287e-01
2.501459515157000713e+00	4.774041592234500309e-01
2.501167151760500307e+00	4.775717464815000257e-01
2.500801603504499759e+00	4.777813119064500680e-01
2.500362807597499959e+00	4.780329098252500408e-01
2.499850688577500257e+00	4.783266055228500013e-01
2.499265158243499929e+00	4.786624752920999870e-01
2.498606115583499765e+00	4.790406064940500031e-01
2.497873446688500643e+00	4.794610976251999501e-01
2.497067024656500323e+00	4.799240583950499794e-01
2.496186709480999966e+00	4.804296098124500314e-01
2.495232347938499906e+00	4.809778842802499566e-01
2.494203773449000572e+00	4.815690257010000752e-01
2.493100805942000342e+00	4.822031895910999788e-01
2.491923251683500151e+00	4.828805432048000057e-01
2.490670903128000102e+00	4.836012656692499911e-01
2.489343538723500338e+00	4.843655481296500476e-01
2.487940922719999559e+00	4.851735939042999268e-01
2.486462804956500072e+00	4.860256186510499288e-01
2.484908920647499464e+00	4.869218505461999635e-01
2.483278990129500041e+00	4.878625304738999913e-01
2.481572718623999751e+00	4.888479122274499988e-01
2.479789795953000198e+00	4.898782627251000443e-01
2.477929896261499731e+00	4.909538622365500760e-01
2.475992677716500445e+00	4.920750046245999099e-01
2.473977782177000151e+00	4.932419976004000506e-01
2.471884834863000258e+00	4.944551629929499481e-01
2.469713443991000013e+00	4.957148370352499889e-01
2.467463200401999845e+00	4.970213706647500507e-01
2.465133677154500269e+00	4.983751298409500596e-01
2.462724429103500423e+00	4.997764958818999292e-01
2.460234992460500258e+00	5.012258658168000647e-01
2.457664884316999920e+00	5.027236527593499371e-01
2.455013602156499886e+00	5.042702862994999924e-01
2.452280623331499765e+00	5.058662129187998513e-01
2.449465404504499677e+00	5.075118964256499776e-01
2.446567381088500248e+00	5.092078184142501129e-01
2.443585966614999716e+00	5.109544787494499918e-01
2.440520552107499519e+00	5.127523960757499610e-01
2.437370505396000198e+00	5.146021083547499542e-01
2.434135170400499870e+00	5.165041734315500843e-01
2.430813866390500344e+00	5.184591696299498675e-01
2.427405887170499987e+00	5.204676963828499536e-01
2.423910500265500367e+00	5.225303748937499826e-01
2.420326946019499825e+00	5.246478488369998860e-01
2.416654436673999928e+00	5.268207850946500237e-01
2.412892155374000147e+00	5.290498745357499200e-01
2.409039255139000080e+00	5.313358328380999307e-01
2.405094857757999804e+00	5.336794013563000982e-01
2.401058052627500494e+00	5.360813480395000274e-01
2.396927895527499519e+00	5.385424684013500052e-01
2.392703407319499931e+00	5.410635865469499706e-01
2.388383572572000624e+00	5.436455562577501288e-01
2.383967338099499678e+00	5.462892621431501006e-01
2.379453611424499293e+00	5.489956208585000663e-01
2.374841259126499793e+00	5.517655823984000119e-01
2.370129105118500057e+00	5.546001314678000726e-01
2.365315928785500343e+00	5.575002889393501082e-01
2.360400463030499552e+00	5.604671133993500698e-01
2.355381392174999977e+00	5.635017027960499414e-01
2.350257349746999846e+00	5.666051961903999512e-01
2.345026916098500003e+00	5.697787756225499711e-01
2.339688615887999923e+00	5.730236681025500101e-01
2.334240915375500158e+00	5.763411477337999633e-01
2.328682219541499343e+00	5.797325379819000535e-01
2.323010869004000334e+00	5.831992141018500497e-01
2.317225136714500255e+00	5.867426057333999800e-01
2.311323224421500289e+00	5.903641996866999531e-01
2.305303258869499494e+00	5.940655429263000942e-01
2.299163287726500027e+00	5.978482457801498340e-01
2.292901275185000198e+00	6.017139853873999522e-01
2.286515097245500616e+00	6.056645094142999453e-01
2.280002536608499941e+00	6.097016400579000628e-01
2.273361277183000517e+00	6.138272783716999248e-01
2.266588898122500417e+00	6.180434089410999920e-01
2.259682867372000192e+00	6.223521049476500311e-01
2.252640534679999806e+00	6.267555336619998752e-01
2.245459123987499694e+00	6.312559624113999179e-01
2.238135725145000698e+00	6.358557650749999679e-01
2.230667284884999990e+00	6.405574291641500384e-01
2.223050596938999757e+00	6.453635635583501173e-01
2.215282291237500090e+00	6.502769069696999749e-01
2.207358822037500001e+00	6.553003372281999139e-01
2.199276454861999852e+00	6.604368814858999626e-01
2.191031252112999539e+00	6.656897274572999290e-01
2.182619057152999975e+00	6.710622358339000115e-01
2.174035476669999856e+00	6.765579540218500387e-01
2.165275861070500074e+00	6.821806313939500210e-01
2.156335282636999917e+00	6.879342362609000006e-01
2.147208511096000194e+00	6.938229748175500644e-01
2.137889986223999728e+00	6.998513123538000480e-01
2.128373787047499910e+00	7.060239970828499079e-01
2.118653597036999958e+00	7.123460869994000522e-01
2.108722664714999695e+00	7.188229802666000756e-01
2.098573758869500150e+00	7.254604497264500740e-01
2.088199117460499465e+00	7.322646822619999218e-01
2.077590389105999691e+00	7.392423238891000503e-01
2.066738565834000063e+00	7.464005316627000397e-01
2.055633905494000047e+00	7.537470337356999561e-01
2.044265841857499932e+00	7.612901992439999876e-01
2.032622880064499871e+00	7.690391201174501257e-01
2.020692474494500068e+00	7.770037074983000558e-01
2.008460885445999988e+00	7.851948062021000263e-01
1.995913010117499997e+00	7.936243316963500494e-01
1.983032182107499874e+00	8.023054354804000088e-01
1.969799931921000224e+00	8.112527067090999910e-01
1.956195698255500215e+00	8.204824206372001161e-01
1.942196475841000192e+00	8.300128483455500028e-01
1.927776378760000187e+00	8.398646477642000008e-01
1.912906086753499935e+00	8.500613640425500606e-01
1.897552121704000339e+00	8.606300790775499587e-01
1.881675864741499948e+00	8.716022674161501005e-01
1.865232156753500403e+00	8.830149419952999512e-01
1.848167198520000110e+00	8.949122140442999918e-01
1.830415228680499995e+00	9.073474590662000683e-01
1.811893006316999788e+00	9.203864060195000585e-01
1.792490266889500194e+00	9.341117418276001505e-01
1.772052683385500371e+00	9.486305545433001418e-01
1.750350735589000006e+00	9.640882008183501162e-01
1.727021894627500220e+00	9.806998452053999893e-01
1.701462002925499872e+00	9.988380566539998284e-01
1.672619448299000000e+00	1.019312924932999964e+00
1.638602243962000049e+00	1.044338703078999675e+00
1.608761775217000034e+00	1.068222383311500101e+00
1.589592979129000216e+00	1.083378006598999743e+00
1.572268355117000249e+00	1.096501500617000024e+00
1.556371690677500030e+00	1.108328749318499895e+00
1.541596624587499686e+00	1.119269848005499890e+00
1.527716560987000038e+00	1.129560717355500010e+00
1.514562914084000012e+00	1.139343021128999878e+00
1.502009368461500127e+00	1.148706486326499965e+00
1.489960484071999769e+00	1.157711472170500189e+00
1.478343439910500212e+00	1.166401134621499969e+00
1.467102045692999956e+00	1.174808086984999944e+00
1.456192393046499722e+00	1.182958130224500026e+00
1.445579692368000213e+00	1.190872408037999985e+00
1.435235967634500120e+00	1.198568703015999937e+00
1.425138372454999969e+00	1.206062254708999859e+00
1.415267956325499954e+00	1.213366303977500005e+00
1.405608757512500029e+00	1.220492474742500111e+00
1.396147133210999591e+00	1.227451054657999974e+00
1.386871262333000399e+00	1.234251209767000201e+00
1.377770774167000001e+00	1.240901153729999873e+00
1.368836469010999979e+00	1.247408284333499928e+00
1.360060106249499912e+00	1.253779295419499951e+00
1.351434242019500021e+00	1.260020269834000173e+00
1.342952103542499831e+00	1.266136757245500011e+00
1.334607490675499886e+00	1.272133839850499992e+00
1.326394697800499900e+00	1.278016188102000239e+00
1.318308451049500007e+00	1.283788108261499916e+00
1.310343857130500167e+00	1.289453583141999982e+00
1.302496361078999909e+00	1.295016307162499825e+00
1.294761710905000029e+00	1.300479716641499861e+00
1.287135927634999844e+00	1.305847016070500022e+00
1.279615279649000126e+00	1.311121200989500135e+00
1.272196260453500205e+00	1.316305077994500250e+00
1.264875569257999821e+00	1.321401282255499909e+00
1.257650093846499839e+00	1.326412292979000096e+00
1.250516895404999884e+00	1.331340447040499919e+00
1.243473194940500237e+00	1.336187951083000147e+00
1.236516361118999985e+00	1.340956892268499789e+00
1.229643899284500019e+00	1.345649247877999999e+00
1.222853441530999952e+00	1.350266893904499943e+00
1.216142737673999941e+00	1.354811612761000150e+00
1.209509647056999926e+00	1.359285100221000020e+00
1.202952131039000339e+00	1.363688971691499940e+00
1.196468246156499937e+00	1.368024767881999892e+00
1.190056137831499994e+00	1.372293959950000142e+00
1.183714034617499911e+00	1.376497954184500161e+00
1.177440242892999978e+00	1.380638096269499959e+00
1.171233141990000171e+00	1.384715675193999740e+00
1.165091179691999823e+00	1.388731926803500105e+00
1.159012868086999992e+00	1.392688037089499620e+00
1.152996779737499811e+00	1.396585145189999988e+00
1.147041544127999968e+00	1.400424346169999890e+00
1.141145844385500041e+00	1.404206693561999897e+00
1.135308414238999974e+00	1.407933201737999740e+00
1.129528035182000067e+00	1.411604848089999864e+00
1.123803533864999871e+00	1.415222575055499865e+00
1.118133779640999803e+00	1.418787291995500022e+00
1.112517682309000167e+00	1.422299876936999885e+00
1.106954189986999904e+00	1.425761178207500368e+00
1.101442287145000032e+00	1.429172015931000184e+00
1.095980992761499628e+00	1.432533183460499959e+00
1.090569358600999905e+00	1.435845448682000036e+00
1.085206467613499814e+00	1.439109555256499862e+00
1.079891432417499963e+00	1.442326223770499904e+00
1.074623393892500056e+00	1.445496152816999835e+00
1.069401519857999805e+00	1.448620020016499810e+00
1.064225003827500071e+00	1.451698482964500103e+00
1.059093063844499971e+00	1.454732180131499852e+00
1.054004941381499805e+00	1.457721731706000057e+00
1.048959900310499904e+00	1.460667740384999913e+00
1.043957225926499977e+00	1.463570792128499942e+00
1.038996224033500004e+00	1.466431456858499960e+00
1.034076220076000086e+00	1.469250289132500331e+00
1.029196558325500277e+00	1.472027828768999624e+00
1.024356601106499953e+00	1.474764601449000123e+00
1.019555728063000100e+00	1.477461119271999967e+00
1.014793335472000013e+00	1.480117881296999949e+00
1.010068835589499781e+00	1.482735374048500088e+00
1.005381656024000092e+00	1.485314071989999984e+00
1.000731239150549845e+00	1.487854437987500056e+00
9.961170415570999026e-01	1.490356923742500062e+00
9.915385335048499948e-01	1.492821970194999848e+00
9.869951984308500403e-01	1.495250007926499869e+00
9.824865324645999376e-01	1.497641457524000019e+00
9.780120439720001446e-01	1.499996729942999707e+00
9.735712531215000576e-01	1.502316226833499968e+00
9.691636914677002057e-01	1.504600340872500164e+00
9.647889015579999006e-01	1.506849456068499959e+00
9.604464365549499894e-01	1.509063948057000060e+00
9.561358598753498805e-01	1.511244184372499966e+00
9.518567448483501447e-01	1.513390524730499953e+00
9.476086743848000093e-01	1.515503321266499892e+00
9.433912406651498994e-01	1.517582918796500202e+00
9.392040448372999117e-01	1.519629655038999827e+00
9.350466967296500176e-01	1.521643860846999985e+00
9.309188145760998179e-01	1.523625860424500100e+00
9.268200247515501200e-01	1.525575971521500040e+00
9.227499615187501059e-01	1.527494505641999734e+00
9.187082667861998786e-01	1.529381768229499894e+00
9.146945898756498883e-01	1.531238058848499950e+00
9.107085872974499674e-01	1.533063671359500058e+00
9.067499225379501704e-01	1.534858894087000269e+00
9.028182658521499704e-01	1.536624009977999972e+00
8.989132940657000859e-01	1.538359296759499895e+00
8.950346903851000846e-01	1.540065027084499771e+00
8.911821442139501448e-01	1.541741468682499949e+00
8.873553509778500104e-01	1.543388884481499801e+00
8.835540119533000780e-01	1.545007532762000313e+00
8.797778341056998741e-01	1.546597667262000098e+00
8.760265299314500265e-01	1.548159537319500290e+00
8.722998173066001115e-01	1.549693387980000114e+00
8.685974193406000854e-01	1.551199460110499917e+00
8.649190642362499792e-01	1.552677990515499928e+00
8.612644851523999501e-01	1.554129212042500097e+00
8.576334200739500480e-01	1.555553353674499872e+00
8.540256116851500101e-01	1.556950640641500128e+00
8.504408072472999791e-01	1.558321294513499877e+00
8.468787584813000091e-01	1.559665533286999972e+00
8.433392214524999542e-01	1.560983571478000043e+00
8.398219564619500144e-01	1.562275620209000015e+00
8.363267279392999631e-01	1.563541887292000165e+00
8.328533043395000002e-01	1.564782577303500233e+00
8.294014580444001306e-01	1.565997891674500098e+00
8.259709652654999568e-01	1.567188028751999918e+00
8.225616059506499766e-01	1.568353183884499957e+00
8.191731636947000572e-01	1.569493549479500150e+00
8.158054256517999203e-01	1.570609315087999835e+00
8.124581824503998018e-01	1.571700667455000033e+00
8.091312281116500582e-01	1.572767790591500070e+00
8.058243599703001081e-01	1.573810865837000028e+00
8.025373785970500995e-01	1.574830071922499908e+00
7.992700877252000291e-01	1.575825585016999986e+00
7.960222941765500160e-01	1.576797578799500332e+00
7.927938077930499761e-01	1.577746224501999972e+00
7.895844413674000251e-01	1.578671690970499863e+00
7.863940105779001488e-01	1.579574144712500017e+00
7.832223339238999493e-01	1.580453749949499942e+00
7.800692326639501184e-01	1.581310668664500207e+00
7.769345307547501633e-01	1.582145060649999824e+00
7.738180547931501341e-01	1.582957083554499933e+00
7.707196339594999390e-01	1.583746892923000082e+00
7.676390999610001042e-01	1.584514642252500050e+00
7.645762869790500016e-01	1.585260483018500199e+00
7.615310316164499715e-01	1.585984564725500201e+00
7.585031728465999601e-01	1.586687034944499919e+00
7.554925519645498966e-01	1.587368039352500038e+00
7.524990125380999206e-01	1.588027721773000112e+00
7.495224003617499964e-01	1.588666224207500033e+00
7.465625634111500153e-01	1.589283686867500212e+00
7.436193517979501344e-01	1.589880248226999804e+00
7.406926177283500445e-01	1.590456045035500088e+00
7.377822154594499970e-01	1.591011212363999894e+00
7.348880012591999522e-01	1.591545883633500136e+00
7.320098333673998869e-01	1.592060190645000040e+00
7.291475719551999690e-01	1.592554263611000165e+00
7.263010790889999901e-01	1.593028231187999966e+00
7.234702186927000067e-01	1.593482220495500146e+00
7.206548565126499328e-01	1.593916357160499953e+00
7.178548600820000569e-01	1.594330765333500155e+00
7.150700986868501197e-01	1.594725567712500069e+00
7.123004433337498664e-01	1.595100885578000227e+00
7.095457667161999549e-01	1.595456838816999845e+00
7.068059431842500517e-01	1.595793545944000025e+00
7.040808487129500692e-01	1.596111124125000114e+00
7.013703608725999628e-01	1.596409689206000015e+00
6.986743587992999549e-01	1.596689355732999971e+00
6.959927231670000047e-01	1.596950236971500292e+00
6.933253361586501073e-01	1.597192444935500166e+00
6.906720814393000341e-01	1.597416090405999967e+00
6.880328441302501208e-01	1.597621282947999877e+00
6.854075107818500268e-01	1.597808130938999982e+00
6.827959693492500204e-01	1.597976741576000226e+00
6.801981091666500223e-01	1.598127220910499968e+00
6.776138209244499944e-01	1.598259673861500030e+00
6.750429966442998975e-01	1.598374204225999851e+00
6.724855296563498896e-01	1.598470914712499802e+00
6.699413145772000755e-01	1.598549906945500254e+00
6.674102472875500514e-01	1.598611281487000157e+00
6.648922249103500492e-01	1.598655137860500064e+00
6.623871457903000026e-01	1.598681574557999863e+00
6.598949094726500597e-01	1.598690689058499981e+00
6.574154166837499202e-01	1.598682577850500275e+00
6.549485693108498818e-01	1.598657336437500076e+00
6.524942703827498747e-01	1.598615059363500013e+00
6.500524240512001173e-01	1.598555840216500101e+00
6.476229355725500181e-01	1.598479771654499837e+00
6.452057112896001367e-01	1.598386945414999927e+00
6.428006586136499889e-01	1.598277452322999892e+00
6.404076860080001321e-01	1.598151382316499891e+00
6.380267029699999703e-01	1.598008824451499610e+00
6.356576200154000489e-01	1.597849866914999861e+00
6.333003486613499877e-01	1.597674597045499967e+00
6.309548014117500880e-01	1.597483101331999666e+00
6.286208917398999896e-01	1.597275465444000231e+00
6.262985340751499042e-01	1.597051774227000065e+00
6.239876437867999392e-01	1.596812111726000127e+00
6.216881371697000613e-01	1.596556561190000112e+00
6.193999314306999349e-01	1.596285205085000047e+00
6.171229446733499380e-01	1.595998125106999899e+00
6.148570958850000379e-01	1.595695402192499612e+00
6.126023049237999674e-01	1.595377116528499783e+00
6.103584925045000276e-01	1.595043347562500102e+00
6.081255801856499943e-01	1.594694174011999754e+00
6.059034903576498987e-01	1.594329673876999864e+00
6.036921462300000041e-01	1.593949924448500255e+00
6.014914718189500187e-01	1.593555002318999936e+00
5.993013919352000451e-01	1.593144983388499858e+00
5.971218321735498602e-01	1.592719942878499939e+00
5.949527189000500815e-01	1.592279955338999908e+00
5.927939792406999864e-01	1.591825094658500195e+00
5.906455410717500465e-01	1.591355434068499886e+00
5.885073330078499643e-01	1.590871046157499746e+00
5.863792843912500885e-01	1.590372002880000135e+00
5.842613252820498815e-01	1.589858375555000203e+00
5.821533864476500231e-01	1.589330234888499893e+00
5.800553993522500340e-01	1.588787650969999854e+00
5.779672961480499804e-01	1.588230693285999973e+00
5.758890096648500156e-01	1.587659430724500220e+00
5.738204734003000684e-01	1.587073931587499764e+00
5.717616215113500155e-01	1.586474263593500300e+00
5.697123888045499962e-01	1.585860493881499966e+00
5.676727107271000161e-01	1.585232689031500053e+00
5.656425233585499202e-01	1.584590915058500027e+00
5.636217634011999600e-01	1.583935237421499886e+00
5.616103681724999852e-01	1.583265721037999674e+00
5.596082755961999666e-01	1.582582430280499830e+00
5.576154241942499201e-01	1.581885428990499998e+00
5.556317530787000525e-01	1.581174780481000131e+00
5.536572019441000636e-01	1.580450547544999695e+00
5.516917110590500162e-01	1.579712792457999893e+00
5.497352212590500553e-01	1.578961576988499926e+00
5.477876739392499861e-01	1.578196962403999759e+00
5.458490110463499745e-01	1.577419009469000377e+00
5.439191750713500140e-01	1.576627778462500018e+00
5.419981090436499782e-01	1.575823329176499588e+00
5.400857565227500379e-01	1.575005720921000218e+00
5.381820615911999672e-01	1.574175012530000028e+00
5.362869688494500409e-01	1.573331262376000073e+00
5.344004234071501047e-01	1.572474528355499945e+00
5.325223708778998866e-01	1.571604867915499693e+00
5.306527573732000569e-01	1.570722338043500255e+00
5.287915294941999411e-01	1.569826995285000137e+00
5.269386343277000506e-01	1.568918895734999985e+00
5.250940194384500215e-01	1.567998095049999874e+00
5.232576328638500751e-01	1.567064648455500198e+00
5.214294231079000808e-01	1.566118610743999939e+00
5.196093391354000834e-01	1.565160036288499645e+00
5.177973303661499438e-01	1.564188979033000138e+00
5.159933466693000792e-01	1.563205492511000161e+00
5.141973383577500556e-01	1.562209629844000025e+00
5.124092561826499859e-01	1.561201443746000006e+00
5.106290513285001165e-01	1.560180986521999991e+00
5.088566754073998721e-01	1.559148310085999967e+00
5.070920804538999738e-01	1.558103465956000244e+00
5.053352189198500044e-01	1.557046505251500124e+00
5.035860436698500475e-01	1.555977478713000073e+00
5.018445079751999716e-01	1.554896436693999906e+00
5.001105655105499981e-01	1.553803429168499894e+00
4.983841703472999818e-01	1.552698505737999835e+00
4.966652769508999588e-01	1.551581715630000025e+00
4.949538401743500127e-01	1.550453107700499711e+00
4.932498152544500525e-01	1.549312730445999930e+00
4.915531578077499963e-01	1.548160632000500136e+00
4.898638238250000998e-01	1.546996860135500196e+00
4.881817696675500029e-01	1.545821462275000169e+00
4.865069520629500266e-01	1.544634485491499953e+00
4.848393281003000044e-01	1.543435976502000040e+00
4.831788552265999792e-01	1.542225981690000136e+00
4.815254912420999789e-01	1.541004547087499787e+00
4.798791942969500290e-01	1.539771718394500111e+00
4.782399228865499841e-01	1.538527540976999841e+00
4.766076358473499974e-01	1.537272059859499773e+00
4.749822923542000308e-01	1.536005319750000098e+00
4.733638519155999869e-01	1.534727365026499868e+00
4.717522743697999954e-01	1.533438239739500109e+00
4.701475198815000534e-01	1.532137987619499819e+00
4.685495489380500089e-01	1.530826652082999839e+00
4.669583223463000254e-01	1.529504276231000048e+00
4.653738012279000635e-01	1.528170902852999946e+00
4.637959470171999499e-01	1.526826574425000027e+00
4.622247214567000162e-01	1.525471333120500095e+00
4.606600865942499512e-01	1.524105220806500016e+00
4.591020047793999970e-01	1.522728279051499989e+00
4.575504386600999784e-01	1.521340549117499830e+00
4.560053511797999559e-01	1.519942071975999953e+00
4.544667055741500872e-01	1.518532888302499995e+00
4.529344653668500031e-01	1.517113038485500054e+00
4.514085943681500623e-01	1.515682562610500161e+00
4.498890566707000049e-01	1.514241500488000103e+00
4.483758166465000583e-01	1.512789891641999951e+00
4.468688389447500464e-01	1.511327775305999710e+00
4.453680884877499468e-01	1.509855190439499895e+00
4.438735304688499750e-01	1.508372175722500153e+00
4.423851303492499776e-01	1.506878769555999753e+00
4.409028538550500143e-01	1.505375010072000252e+00
4.394266669746499376e-01	1.503860935122500297e+00
4.379565359559000060e-01	1.502336582294499845e+00
4.364924273038500724e-01	1.500801988906499629e+00
4.350343077769500688e-01	1.499257192007500183e+00
4.335821443854500079e-01	1.497702228384500067e+00
4.321359043886999762e-01	1.496137134559999859e+00
4.306955552915499585e-01	1.494561946798000251e+00
4.292610648434000420e-01	1.492976701101499826e+00
4.278324010341999495e-01	1.491381433219000074e+00
4.264095320929500721e-01	1.489776178638499982e+00
4.249924264845999500e-01	1.488160972600999887e+00
4.235810529084499398e-01	1.486535850087999933e+00
4.221753802949999579e-01	1.484900845835499972e+00
4.207753778038999526e-01	1.483255994328500194e+00
4.193810148213499289e-01	1.481601329809000056e+00
4.179922609586000926e-01	1.479936886266500107e+00
4.166090860487500214e-01	1.478262697452000118e+00
4.152314601452499754e-01	1.476578796867499932e+00
4.138593535192000017e-01	1.474885217784499991e+00
4.124927366570500520e-01	1.473181993221500008e+00
4.111315802594999735e-01	1.471469155970499987e+00
4.097758552381000063e-01	1.469746738580000267e+00
4.084255327136500080e-01	1.468014773364500147e+00
4.070805840146999866e-01	1.466273292403500017e+00
4.057409806742999225e-01	1.464522327542499891e+00
4.044066944293500110e-01	1.462761910405500076e+00
4.030776972176499662e-01	1.460992072369999839e+00
4.017539611761500318e-01	1.459212844595000114e+00
4.004354586390000970e-01	1.457424258007500306e+00
3.991221621360999672e-01	1.455626343311999804e+00
3.978140443905999746e-01	1.453819130982000107e+00
3.965110783172499653e-01	1.452002651270500211e+00
3.952132370207499523e-01	1.450176934207000112e+00
3.939204937935000261e-01	1.448342009592999968e+00
3.926328221143499664e-01	1.446497907018500007e+00
3.913501956462499543e-01	1.444644655845999770e+00
3.900725882345999485e-01	1.442782285218500160e+00
3.887999739062499849e-01	1.440910824067500151e+00
3.875323268667499876e-01	1.439030301100999942e+00
3.862696214991000465e-01	1.437140744809999982e+00
3.850118323624500127e-01	1.435242183475500033e+00
3.837589341896500139e-01	1.433334645160500020e+00
3.825109018862499766e-01	1.431418157713500339e+00
3.812677105287499701e-01	1.429492748774500166e+00
3.800293353629499715e-01	1.427558445762500128e+00
3.787957518020999559e-01	1.425615275896499723e+00
3.775669354257999988e-01	1.423663266176500075e+00
3.763428619781500339e-01	1.421702443397500293e+00
3.751235073661500219e-01	1.419732834140500000e+00
3.739088476591000409e-01	1.417754464784000135e+00
3.726988590856500361e-01	1.415767361492499710e+00
3.714935180331999653e-01	1.413771550229499852e+00
3.702928010464000552e-01	1.411767056748999938e+00
3.690966848256000410e-01	1.409753906598999906e+00
3.679051462256999194e-01	1.407732125118500210e+00
3.667181622538499552e-01	1.405701737450999911e+00
3.655357100693500394e-01	1.403662768525500093e+00
3.643577669811999820e-01	1.401615243077499962e+00
3.631843104475500628e-01	1.399559185626999991e+00
3.620153180735499743e-01	1.397494620499000195e+00
3.608507676107500228e-01	1.395421571819000173e+00
3.596906369553499738e-01	1.393340063499999948e+00
3.585349041470499709e-01	1.391250119263500062e+00
3.573835473676499896e-01	1.389151762623499931e+00
3.562365449401499462e-01	1.387045016895999794e+00
3.550938753268499948e-01	1.384929905194499877e+00
3.539555171287500079e-01	1.382806450431999901e+00
3.528214490838000872e-01	1.380674675323499967e+00
3.516916500667000012e-01	1.378534602379499763e+00
3.505660990856500625e-01	1.376386253915000024e+00
3.494447752832499643e-01	1.374229652044500094e+00
3.483276579344500301e-01	1.372064818683000009e+00
3.472147264451500570e-01	1.369891775543500057e+00
3.461059603518999994e-01	1.367710544143500240e+00
3.450013393195000555e-01	1.365521145798500147e+00
3.439008431410499611e-01	1.363323601625500148e+00
3.428044517361000243e-01	1.361117932545500064e+00
3.417121451500500506e-01	1.358904159274999968e+00
3.406239035524999959e-01	1.356682302334000223e+00
3.395397072369499836e-01	1.354452382047500070e+00
3.384595366185999543e-01	1.352214418531499929e+00
3.373833722343000385e-01	1.349968431711000338e+00
3.363111947412499303e-01	1.347714441306999911e+00
3.352429849158499731e-01	1.345452466843999995e+00
3.341787236523500182e-01	1.343182527641999968e+00
3.331183919625999579e-01	1.340904642826000082e+00
3.320619709741499670e-01	1.338618831316499946e+00
3.310094419301500279e-01	1.336325111836500268e+00
3.299607861876999726e-01	1.334023502906499514e+00
3.289159852170500109e-01	1.331714022841999912e+00
3.278750206007999823e-01	1.329396689765500073e+00
3.268378740326499665e-01	1.327071521588000014e+00
3.258045273170499523e-01	1.324738536025499958e+00
3.247749623673499841e-01	1.322397750582499976e+00
3.237491612054999579e-01	1.320049182570499857e+00
3.227271059612500381e-01	1.317692849084999951e+00
3.217087788702999718e-01	1.315328767029499968e+00
3.206941622752500498e-01	1.312956953091499956e+00
3.196832386222499545e-01	1.310577423757500082e+00
3.186759904619500539e-01	1.308190195307499915e+00
3.176724004484000607e-01	1.305795283813000029e+00
3.166724513373500027e-01	1.303392705139500007e+00
3.156761259860499935e-01	1.300982474940500122e+00
3.146834073522000175e-01	1.298564608663499875e+00
3.136942784933000050e-01	1.296139121540500039e+00
3.127087225652500080e-01	1.293706028597499946e+00
3.117267228225999998e-01	1.291265344646999935e+00
3.107482626161999772e-01	1.288817084286000059e+00
3.097733253939500275e-01	1.286361261898000041e+00
3.088018946989000146e-01	1.283897891653499990e+00
3.078339541688000502e-01	1.281426987504499904e+00
3.068694875359500029e-01	1.278948563186499854e+00
3.059084786247500132e-01	1.276462632215999982e+00
3.049509113528500182e-01	1.273969207887999833e+00
3.039967697290500426e-01	1.271468303279499779e+00
3.030460378531000254e-01	1.268959931242500172e+00
3.020986999148499441e-01	1.266444104407999927e+00
3.011547401935499857e-01	1.263920835178500068e+00
3.002141430565999913e-01	1.261390135733500006e+00
2.992768929599000094e-01	1.258852018020000019e+00
2.983429744458999666e-01	1.256306493759999920e+00
2.974123721436999768e-01	1.253753574440999996e+00
2.964850707679499986e-01	1.251193271319499978e+00
2.955610551183999735e-01	1.248625595415000067e+00
2.946403100785999762e-01	1.246050557515999913e+00
2.937228206162499911e-01	1.243468168165499987e+00
2.928085717810500199e-01	1.240878437672499945e+00
2.918975487055500140e-01	1.238281376099999997e+00
2.909897366036499622e-01	1.235676993268499890e+00
2.900851207695499534e-01	1.233065298756999884e+00
2.891836865779999766e-01	1.230446301888999949e+00
2.882854194827999539e-01	1.227820011741499906e+00
2.873903050168499784e-01	1.225186437137999906e+00
2.864983287908999809e-01	1.222545586651000216e+00
2.856094764930499630e-01	1.219897468587999967e+00
2.847237338881500324e-01	1.217242091006999871e+00
2.838410868172999701e-01	1.214579461692500306e+00
2.829615211973000033e-01	1.211909588175999808e+00
2.820850230193000518e-01	1.209232477715000087e+00
2.812115783488999821e-01	1.206548137295500034e+00
2.803411733252499927e-01	1.203856573632499760e+00
2.794737941602499776e-01	1.201157793171000021e+00
2.786094271383500187e-01	1.198451802064000038e+00
2.777480586157000109e-01	1.195738606196500076e+00
2.768896750192000322e-01	1.193018211162000020e+00
2.760342628465500825e-01	1.190290622263999953e+00
2.751818086651999784e-01	1.187555844517500292e+00
2.743322991118500309e-01	1.184813882643000138e+00
2.734857208920499771e-01	1.182064741058999946e+00
2.726420607785999262e-01	1.179308423883500101e+00
2.718013056128000260e-01	1.176544934928999808e+00
2.709634423022999616e-01	1.173774277699500157e+00
2.701284578206999965e-01	1.170996455382999901e+00
2.692963392080999774e-01	1.168211470851999945e+00
2.684670735689999588e-01	1.165419326652000098e+00
2.676406480730500470e-01	1.162620025007500058e+00
2.668170499528499939e-01	1.159813567809500068e+00
2.659962665054999564e-01	1.156999956615500036e+00
2.651782850900500366e-01	1.154179192643499885e+00
2.643630931283999508e-01	1.151351276761499953e+00
2.635506781034999690e-01	1.148516209496499796e+00
2.627410275598500156e-01	1.145673991012000181e+00
2.619341291025499840e-01	1.142824621117999984e+00
2.611299703961499907e-01	1.139968099255499911e+00
2.603285391650499436e-01	1.137104424496999888e+00
2.595298231921999710e-01	1.134233595536500161e+00
2.587338103189499861e-01	1.131355610683500101e+00
2.579404884446000468e-01	1.128470467865500204e+00
2.571498455250999515e-01	1.125578164611000132e+00
2.563618695736000208e-01	1.122678698047000045e+00
2.555765486586999979e-01	1.119772064891999985e+00
2.547938709052000594e-01	1.116858261454000134e+00
2.540138244922000021e-01	1.113937283618499974e+00
2.532363976537000405e-01	1.111009126838500061e+00
2.524615786771000070e-01	1.108073786136000161e+00
2.516893559036000316e-01	1.105131256090000180e+00
2.509197177267000756e-01	1.102181530819499988e+00
2.501526525923000177e-01	1.099224603998500083e+00
2.493881489979500043e-01	1.096260468819999945e+00
2.486261954923500161e-01	1.093289118007999994e+00
2.478667806744999369e-01	1.090310543801499943e+00
2.471098931936500098e-01	1.087324737942000130e+00
2.463555217481499804e-01	1.084331691670499920e+00
2.456036550858999856e-01	1.081331395714499877e+00
2.448542820021999966e-01	1.078323840279999946e+00
2.441073913407500184e-01	1.075309015035999849e+00
2.433629719924499946e-01	1.072286909111999753e+00
2.426210128942999922e-01	1.069257511081000089e+00
2.418815030299999724e-01	1.066220808952500265e+00
2.411444314283000545e-01	1.063176790155499818e+00
2.404097871631000471e-01	1.060125441530499923e+00
2.396775593527999959e-01	1.057066749319000021e+00
2.389477371590000288e-01	1.054000699150999809e+00
2.382203097873999975e-01	1.050927276019999912e+00
2.374952664855999873e-01	1.047846464287000012e+00
2.367725965434499535e-01	1.044758247655999783e+00
2.360522892922499449e-01	1.041662609161499997e+00
2.353343341041499726e-01	1.038559531153999904e+00
2.346187203915500175e-01	1.035448995285999763e+00
2.339054376069000241e-01	1.032330982494499949e+00
2.331944752409000066e-01	1.029205472984499936e+00
2.324858228230500257e-01	1.026072446210000155e+00
2.317794699206000009e-01	1.022931880864500043e+00
2.310754061383999969e-01	1.019783754852999991e+00
2.303736211170500092e-01	1.016628045277500059e+00
2.296741045334499687e-01	1.013464728421499927e+00
2.289768460999500044e-01	1.010293779721000096e+00
2.282818355629999962e-01	1.007115173753500015e+00
2.275890627031499913e-01	1.003928884208999950e+00
2.268985173339000405e-01	1.000734883869200065e+00
2.262101893020500021e-01	9.975331445888497850e-01
2.255240684853499766e-01	9.943236372669499445e-01
2.248401447931500097e-01	9.911063318237498532e-01
2.241584081651500360e-01	9.878811971756998878e-01
2.234788485706499794e-01	9.846482012072499401e-01
2.228014560074499939e-01	9.814073107446500410e-01
2.221262205022499769e-01	9.781584915267499403e-01
2.214531321086000148e-01	9.749017081746998992e-01
2.207821809069000218e-01	9.716369241624498443e-01
2.201133570032999809e-01	9.683641017832000930e-01
2.194466505284999869e-01	9.650832021171000807e-01
2.187820516377999847e-01	9.617941849963997925e-01
2.181195505096500398e-01	9.584970089691499107e-01
2.174591373445499687e-01	9.551916312629000760e-01
2.168008023651500360e-01	9.518780077441502119e-01
2.161445358134500005e-01	9.485560928794999347e-01
2.154903279525000048e-01	9.452258396925999895e-01
2.148381690630999930e-01	9.418871997209998792e-01
2.141880494435000060e-01	9.385401229699998904e-01
2.135399594091499931e-01	9.351845578653499302e-01
2.128938892908999736e-01	9.318204512040001442e-01
2.122498294336999936e-01	9.284477481019999257e-01
2.116077701963499647e-01	9.250663919410000435e-01
2.109677019493499672e-01	9.216763243119500126e-01
2.103296150749499882e-01	9.182774849562498343e-01
2.096934999641500430e-01	9.148698117052500578e-01
2.090593470175000079e-01	9.114532404152502210e-01
2.084271466420499763e-01	9.080277049012501767e-01
2.077968892514000243e-01	9.045931368671500383e-01
2.071685652629499663e-01	9.011494658323501161e-01
2.065421650975499956e-01	8.976966190555499825e-01
2.059176791775499671e-01	8.942345214540001752e-01
2.052950979250000307e-01	8.907630955203498235e-01
2.046744117607000035e-01	8.872822612341499937e-01
2.040556111021999686e-01	8.837919359696000399e-01
2.034386863611999663e-01	8.802920343996000208e-01
2.028236279434999789e-01	8.767824683930500740e-01
2.022104262454499923e-01	8.732631469087500653e-01
2.015990716532500282e-01	8.697339758837501211e-01
2.009895545394500549e-01	8.661948581146001747e-01
2.003818652625000141e-01	8.626456931337500578e-01
1.997759941631499780e-01	8.590863770790999610e-01
1.991719315625999909e-01	8.555168025568500312e-01
1.985696677598999815e-01	8.519368584962000446e-01
1.979691930298999869e-01	8.483464299962500954e-01
1.973704976197999950e-01	8.447453981654999833e-01
1.967735717464999812e-01	8.411336399514999229e-01
1.961784055939999882e-01	8.375110279594499829e-01
1.955849893097500181e-01	8.338774302644000880e-01
1.949933130015999994e-01	8.302327102073497889e-01
1.944033667341499849e-01	8.265767261838000701e-01
1.938151405251000159e-01	8.229093314167000850e-01
1.932286243416000138e-01	8.192303737164499111e-01
1.926438080959999855e-01	8.155396952272999656e-01
1.920606816405499850e-01	8.118371321558000009e-01
1.914792347645999926e-01	8.081225144833000806e-01
1.908994571882000058e-01	8.043956656604500655e-01
1.903213385576000005e-01	8.006564022801001546e-01
1.897448684392500085e-01	7.969045337298000797e-01
1.891700363143999919e-01	7.931398618203999717e-01
1.885968315724000366e-01	7.893621803894500522e-01
1.880252435044999781e-01	7.855712748764499542e-01
1.874552612961000175e-01	7.817669218689500266e-01
1.868868740198000311e-01	7.779488886147498672e-01
1.863200706261500250e-01	7.741169324999499501e-01
1.857548399367000003e-01	7.702708004864999847e-01
1.851911706331499929e-01	7.664102285084001265e-01
1.846290512477999912e-01	7.625349408206498758e-01
1.840684701528500222e-01	7.586446492968500488e-01
1.835094155487000112e-01	7.547390526709000236e-01
1.829518754515500056e-01	7.508178357170500750e-01
1.823958376804999948e-01	7.468806683602000618e-01
1.818412898418499957e-01	7.429272047119999112e-01
1.812882193146000132e-01	7.389570820224500292e-01
1.807366132332000053e-01	7.349699195377999983e-01
1.801864584689500393e-01	7.309653172560499623e-01
1.796377416110500058e-01	7.269428545659500918e-01
1.790904489436500047e-01	7.229020887565000830e-01
1.785445664242499841e-01	7.188425533823999958e-01
1.780000796568500243e-01	7.147637564635500596e-01
1.774569738649499906e-01	7.106651785047499725e-01
1.769152338616999942e-01	7.065462703025999769e-01
1.763748440155499808e-01	7.024064505194000940e-01
1.758357882154499841e-01	6.982451029856500124e-01
1.752980498301500156e-01	6.940615736981499140e-01
1.747616116646500128e-01	6.898551674634998410e-01
1.742264559115999922e-01	6.856251441400499358e-01
1.736925640976999807e-01	6.813707144119500736e-01
1.731599170229499995e-01	6.770910350242000941e-01
1.726284946944000309e-01	6.727852033932498754e-01
1.720982762492500040e-01	6.684522514872500709e-01
1.715692398695000398e-01	6.640911388535000182e-01
1.710413626824000277e-01	6.597007446486500282e-01
1.705146206464500103e-01	6.552798584900499934e-01
1.699889884180999788e-01	6.508271699195999904e-01
1.694644391939000294e-01	6.463412562211500179e-01
1.689409445206499771e-01	6.418205682775000032e-01
1.684184740673500547e-01	6.372634140895000465e-01
1.678969953429500228e-01	6.326679394850500682e-01
1.673764733444499941e-01	6.280321054404999215e-01
1.668568701148499811e-01	6.233536612815000488e-01
1.663381441753500056e-01	6.186301128303999253e-01
1.658202497929000263e-01	6.138586842750999306e-01
1.653031360213000345e-01	6.090362720977000599e-01
1.647867454371500229e-01	6.041593887173000166e-01
1.642710124574000008e-01	5.992240923810500108e-01
1.637558610841999829e-01	5.942258979106000982e-01
1.632412018666999920e-01	5.891596595090000665e-01
1.627269277821999927e-01	5.840194106707500277e-01
1.622129086332499970e-01	5.787981348616499933e-01
1.616989833969999790e-01	5.734874193986500002e-01
1.611849497478499704e-01	5.680769049750500344e-01
1.606705496797500299e-01	5.625533675691498647e-01
1.601554497329999993e-01	5.568991256204500750e-01
1.596392137629500108e-01	5.510891913587500079e-01
1.591212653909999941e-01	5.450860624678999233e-01
1.586008361758000085e-01	5.388300521183999603e-01
1.580768940171999870e-01	5.322211481112001374e-01
1.575480441905500462e-01	5.250847457916500982e-01
1.570123924781000047e-01	5.171066274732499801e-01
1.564715275758000179e-01	4.790388987810000332e-01
1.559392669813000065e-01	4.295950831929999936e-01
1.554171396706999775e-01	3.910802758406500268e-01
1.549032007478000073e-01	3.586246756922500389e-01
1.543960165094500070e-01	3.304482173691000169e-01
1.538945244340999552e-01	3.055658811755500026e-01
1.533979319536499797e-01	2.833420464968999797e-01
1.529056432260499920e-01	2.633292935303500060e-01
1.524172061293000147e-01	2.451944560622999758e-01
1.519322738562999819e-01	2.286794345828999653e-01
1.514505770652000149e-01	2.135783313835499797e-01
1.509719036528500147e-01	1.997231405234499990e-01
1.504960840449500181e-01	1.869742977805499973e-01
1.500229804736500083e-01	1.752141691493500075e-01
1.495524791453500257e-01	1.643424068004499805e-01
1.490844845013500064e-01	1.542725410920999796e-01
1.486189149956499977e-01	1.449294189054499693e-01
1.481556999777500216e-01	1.362472383154999800e-01
1.476947773762500027e-01	1.281680139214999847e-01
1.472360919679999713e-01	1.206403598980999997e-01
1.467795940761000006e-01	1.136185118667500105e-01
1.463252385792999932e-01	1.070615312712000222e-01
1.458729841543499883e-01	1.009326512797900088e-01
1.454227926866499820e-01	9.519873388870499220e-02
1.449746288099499625e-01	8.982981543917001321e-02
1.445284595385500359e-01	8.479872318424000466e-02
1.440842539732999916e-01	8.008074950908999901e-02
1.436419830588999969e-01	7.565337335084500181e-02
1.432016193858000053e-01	7.149602057415001266e-02
1.427631370224000107e-01	6.758985673856998666e-02
1.423265113732500031e-01	6.391760698619500247e-02
1.418917190564999986e-01	6.046339877965499487e-02
1.414587377997000017e-01	5.721262400723999691e-02
1.410275463456999723e-01	5.415181759162500386e-02
1.405981243720499929e-01	5.126855023540000111e-02
1.401704524178500055e-01	4.855133333189999567e-02
1.397445118193000047e-01	4.598953439266999926e-02
1.393202846509999926e-01	4.357330160338999947e-02
1.388977536737499852e-01	4.129349633447999823e-02
1.384769022862999965e-01	3.914163260928500004e-02
1.380577144824500224e-01	3.710982267797000023e-02
1.376401748115499979e-01	3.519072796790499724e-02
1.372242683422500165e-01	3.337751478235999325e-02
1.368099806294000020e-01	3.166381420475499614e-02
1.363972976839500084e-01	3.004368573881500276e-02
1.359862059446999838e-01	2.851158427495000328e-02
1.355766922533500063e-01	2.706233002628499751e-02
1.351687438300999966e-01	2.569108112175000347e-02
1.347623482527500194e-01	2.439330858184999770e-02
1.343574934350999783e-01	2.316477343587499890e-02
1.339541676103999934e-01	2.200150576711499759e-02
1.335523593120499786e-01	2.089978549806999902e-02
1.331520573587000045e-01	1.985612474743000261e-02
1.327532508395500022e-01	1.886725161125000008e-02
1.323559290996499938e-01	1.793009523500499469e-02
1.319600817280499883e-01	1.704177205857999866e-02
1.315656985452499927e-01	1.619957312831499935e-02
1.311727695920499870e-01	1.540095238120000286e-02
1.307812851196499815e-01	1.464351581608500097e-02
1.303912355792000155e-01	1.392501147522499927e-02
1.300026116135500065e-01	1.324332016709000096e-02
1.296154040480000103e-01	1.259644686809500112e-02
1.292296038827499827e-01	1.198251274698999662e-02
1.288452022854000012e-01	1.139974776062500049e-02
1.284621905842999734e-01	1.084648377504999865e-02
1.280805602606500115e-01	1.032114816995000246e-02
1.277003029441499682e-01	9.822257887905000429e-03
1.273214104057500129e-01	9.348413893944498149e-03
1.269438745531499824e-01	8.898296013759498732e-03
1.265676874243999994e-01	8.470658121293500251e-03
1.261928411846000020e-01	8.064323649554998308e-03
1.258193281199000146e-01	7.678181400337999798e-03
1.254471406340000039e-01	7.311181630695999696e-03
1.250762712434500268e-01	6.962332395861500593e-03
1.247067125743499955e-01	6.630696129971999468e-03
1.243384573581000074e-01	6.315386447466500575e-03
1.239714984281499871e-01	6.015565149400999879e-03
1.236058287163499941e-01	5.730439420196501224e-03
1.232414412508500146e-01	5.459259201462500488e-03
1.228783291514499998e-01	5.201314730589500640e-03
1.225164856277500131e-01	4.955934232741999665e-03
1.221559039766499932e-01	4.722481755771500665e-03
1.217965775785500027e-01	4.500355138355499954e-03
1.214384998966999973e-01	4.288984102377500600e-03
1.210816644728500008e-01	4.087828461284999729e-03
1.207260649266500147e-01	3.896376436678999824e-03
1.203716949523499780e-01	3.714143076072499907e-03
1.200185483172999945e-01	3.540668765167499961e-03
1.196666188597000080e-01	3.375517828524500497e-03
1.193159004872000051e-01	3.218277212919500030e-03
1.189663871743499995e-01	3.068555248126999570e-03
1.186180729618000057e-01	2.925980480153999794e-03
1.182709519533999831e-01	2.790200572391000108e-03
1.179250183157000142e-01	2.660881270363500174e-03
1.175802662763500150e-01	2.537705426187500130e-03
1.172366901218000051e-01	2.420372078933499989e-03
1.168942841963500207e-01	2.308595587527499833e-03
1.165530429013500041e-01	2.202104812921999548e-03
1.162129606929499931e-01	2.100642346537500305e-03
1.158740320815999925e-01	2.003963782196500377e-03
1.155362516302000098e-01	1.911837028871499807e-03
1.151996139534000180e-01	1.824041661861999872e-03
1.148641137165499898e-01	1.740368310043999972e-03
1.145297456340999831e-01	1.660618077106500211e-03
1.141965044687999892e-01	1.584601994718000395e-03
1.138643850313000028e-01	1.512140505773500263e-03
1.135333821778500007e-01	1.443062975952499969e-03
1.132034908107000248e-01	1.377207231934499902e-03
1.128747058765000172e-01	1.314419124747000104e-03
1.125470223655500035e-01	1.254552116749499966e-03
1.122204353106999869e-01	1.197466890952999857e-03
1.118949397873000018e-01	1.143030981345499828e-03
1.115705309114499999e-01	1.091118423070500153e-03
1.112472038400000030e-01	1.041609421283500253e-03
1.109249537691000126e-01	9.943900376867501490e-04
1.106037759344000310e-01	9.493518936910498454e-04
1.102836656092499867e-01	9.063918893182498901e-04
1.099646181052000016e-01	8.654119369370001646e-04
1.096466287698500131e-01	8.263187090193000166e-04
1.093296929878500023e-01	7.890233991364999176e-04
1.090138061796499941e-01	7.534414954643998529e-04
1.086989638000999958e-01	7.194925661094499691e-04
1.083851613388999990e-01	6.871000556078999625e-04
1.080723943198500098e-01	6.561910919861499046e-04
1.077606582997499840e-01	6.266963038095999189e-04
1.074499488685499993e-01	5.985496466765001956e-04
1.071402616484999903e-01	5.716882386443000600e-04
1.068315922935500206e-01	5.460522041113999780e-04
1.065239364891999996e-01	5.215845256945500236e-04
1.062172899513999791e-01	4.982309036779000938e-04
1.059116484270499897e-01	4.759396226268499644e-04
1.056070076923500134e-01	4.546614247858500255e-04
1.053033635538500185e-01	4.343493899000500156e-04
1.050007118463999883e-01	4.149588211206500375e-04
1.046990484339500177e-01	3.964471366738500473e-04
1.043983692080499848e-01	3.787737669873500424e-04
1.040986700891000094e-01	3.619000569915000213e-04
1.037999470244000133e-01	3.457891733216999748e-04
1.035021959880999959e-01	3.304060161667000256e-04
1.032054129817999988e-01	3.157171355222499159e-04
1.029095940326999886e-01	3.016906516193499700e-04
1.026147351943000052e-01	2.882961793121999682e-04
1.023208325459999957e-01	2.755047562211499737e-04
1.020278821923000095e-01	2.632887744372000008e-04
1.017358802627000014e-01	2.516219156035000228e-04
1.014448229113499994e-01	2.404790892036499862e-04
1.011547063167999860e-01	2.298363738892999998e-04
1.008655266819499935e-01	2.196709616947499738e-04
1.005772802330499871e-01	2.099611049900999924e-04
1.002899632200499880e-01	2.006860660335499889e-04
1.000035719161300046e-01	1.918260689918500233e-04
9.971810261730500169e-02	1.833622543051499740e-04
9.943355164225500809e-02	1.752766352740999878e-04
9.914991533202001384e-02	1.675520567615999888e-04
9.886719004979500902e-02	1.601721559006500121e-04
9.858537218061000362e-02	1.531213247077499863e-04
9.830445813111000908e-02	1.463846745073999931e-04
9.802444432933998808e-02	1.399480020760499803e-04
9.774532722442499932e-02	1.337977574205999874e-04
9.746710328644000998e-02	1.279210131104500058e-04
9.718976900601000724e-02	1.223054350839999850e-04
9.691332089435000796e-02	1.169392548594500177e-04
9.663775548276000438e-02	1.118112430777999986e-04
9.636306932258999203e-02	1.069106843146000127e-04
9.608925898498499318e-02	1.022273530944999909e-04
9.581632106064498500e-02	9.775149105364501858e-05
9.554425215963499585e-02	9.347378519058500003e-05
9.527304891118999752e-02	8.938534715310500814e-05
9.500270796354499947e-02	8.547769351046499253e-05
9.473322598368499881e-02	8.174272696292998904e-05
9.446459965723000285e-02	7.817271844246999498e-05
9.419682568809499557e-02	7.476029006178998531e-05
9.392990079854000862e-02	7.149839886963000506e-05
9.366382172878499890e-02	6.838032137428500510e-05
9.339858523692999570e-02	6.539963879700499982e-05
9.313418809880000260e-02	6.255022302078500182e-05
9.287062710766999518e-02	5.982622320039000720e-05
9.260789907422498080e-02	5.722205300211499415e-05
9.234600082630999018e-02	5.473237844265999876e-05
9.208492920881000687e-02	5.235210629837999967e-05
9.182468108344502000e-02	5.007637305768501045e-05
9.156525332866498335e-02	4.790053439035500454e-05
9.130664283949499471e-02	4.582015510880499626e-05
9.104884652731499994e-02	4.383099959850000074e-05
9.079186131977001750e-02	4.192902269393499945e-05
9.053568416066498648e-02	4.011036098065499537e-05
9.028031200972000403e-02	3.837132450070000164e-05
9.002574184246998901e-02	3.670838884495000135e-05
8.977197065016000177e-02	3.511818761116999903e-05
8.951899543956499949e-02	3.359750521334999989e-05
8.926681323288002123e-02	3.214327002300499368e-05
8.901542106756500650e-02	3.075254782849999103e-05
8.876481599626000196e-02	2.942253559670500489e-05
8.851499508653000448e-02	2.815055552284000226e-05
8.826595542095000413e-02	2.693404935459499920e-05
8.801769409675000433e-02	2.577057297826999962e-05
8.777020822588497972e-02	2.465779125394500245e-05
8.752349493480000853e-02	2.359347308868000242e-05
8.727755136428501370e-02	2.257548673546000152e-05
8.703237466950500267e-02	2.160179530879999967e-05
8.678796201968499990e-02	2.067045250548500058e-05
8.654431059823000649e-02	1.977959852190499577e-05
8.630141760234999460e-02	1.892745615804999616e-05
8.605928024315499802e-02	1.811232709960000208e-05
8.581789574545500843e-02	1.733258837058000224e-05
8.557726134762999592e-02	1.658668894752499926e-05
8.533737430164499427e-02	1.587314652803999851e-05
8.509823187278001133e-02	1.519054444713000225e-05
8.485983133964000724e-02	1.453752873385999857e-05
8.462216999398998463e-02	1.391280530150999904e-05
8.438524514070498694e-02	1.331513726631500063e-05
8.414905409765502386e-02	1.274334238725500028e-05
8.391359419558000465e-02	1.219629062275499910e-05
8.367886277800498651e-02	1.167290179755500069e-05
8.344485720114999672e-02	1.117214337592499942e-05
8.321157483387500720e-02	1.069302833538000092e-05
8.297901305745999934e-02	1.023461313671000041e-05
8.274716926570499509e-02	9.795995785932500431e-06
8.251604086463501520e-02	9.376313983467001370e-06
8.228562527256000347e-02	8.974743357345998839e-06
8.205591991995001000e-02	8.590495775807000247e-06
8.182692224925500191e-02	8.222817735984500390e-06
8.159862971498500761e-02	7.870988825370000210e-06
8.137103978344999156e-02	7.534320252303999487e-06
8.114414993281499067e-02	7.212153442786499364e-06
8.091795765293499643e-02	6.903858700255500485e-06
8.069246044531500073e-02	6.608833925349500481e-06
8.046765582295999086e-02	6.326503393766000096e-06
8.024354131041500082e-02	6.056316588235999865e-06
8.002011444354001357e-02	5.797747083117999523e-06
7.979737276959500414e-02	5.550291479304000274e-06
7.957531384697999477e-02	5.313468386130500163e-06
7.935393524530499898e-02	5.086817449516999505e-06
7.913323454524498479e-02	4.869898422914000376e-06
7.891320933845501207e-02	4.662290280472000346e-06
7.869385722759000834e-02	4.463590368897999475e-06
7.847517582608500020e-02	4.273413598167000186e-06
7.825716275818001000e-02	4.091391667562500038e-06
7.803981565882998905e-02	3.917172326390000376e-06
7.782313217367001212e-02	3.750418667824000187e-06
7.760710995884498309e-02	3.590808454118499441e-06
7.739174668099998988e-02	3.438033471412000134e-06
7.717704001727500318e-02	3.291798913990500162e-06
7.696298765506501272e-02	3.151822795179999838e-06
7.674958729218998854e-02	3.017835384645000092e-06
7.653683663660000580e-02	2.889578670987499978e-06
7.632473340643999848e-02	2.766805847609499981e-06
7.611327532996500778e-02	2.649280821615500280e-06
7.590246014544999031e-02	2.536777744760500224e-06
7.569228560111999904e-02	2.429080564666999878e-06
