2.501901133454499604e+00	4.771500351847000054e-01
2.501828074209999642e+00	4.771919044765500217e-01
2.501681943203500236e+00	4.772756538919499247e-01
2.501462715393000025e+00	4.774013051028999643e-01
2.501170353191000562e+00	4.775688906380000098e-01
2.500804806428499560e+00	4.777784539082000070e-01
2.500366012315500264e+00	4.780300492393999567e-01
2.499853895389500202e+00	4.783237419152001069e-01
2.499268367452000206e+00	4.786596082277499997e-01
2.498609327494500043e+00	4.790377355366499112e-01
2.497876661603000148e+00	4.794582223360999151e-01
2.497070242884000368e+00	4.799211783349000560e-01
2.496189931330000000e+00	4.804267245391499186e-01
2.495235573717999866e+00	4.809749933499499752e-01
2.494207003472499462e+00	4.815661286675000374e-01
2.493104040521999742e+00	4.822002860051998741e-01
2.491926491139500044e+00	4.828776326154500254e-01
2.490674147777499847e+00	4.835983476219000154e-01
2.489346788889999829e+00	4.843626221669499188e-01
2.487944178728500155e+00	4.851706595650499554e-01
2.486466067135499891e+00	4.860226754710999519e-01
2.484912189327999954e+00	4.869188980575500092e-01
2.483282265648000031e+00	4.878595682041499404e-01
2.481576001316499802e+00	4.888449397006499053e-01
2.479793086161499627e+00	4.898752794605500394e-01
2.477933194333999722e+00	4.909508677488499950e-01
2.475995984003000139e+00	4.920719984233500321e-01
2.473981097034500198e+00	4.932389791902000442e-01
2.471888158647999933e+00	4.944521318732499893e-01
2.469716777071500502e+00	4.957117926993498958e-01
2.467466543145000024e+00	4.970183125998499096e-01
2.465137029934000079e+00	4.983720575288501098e-01
2.462727792301000029e+00	4.997734087971500427e-01
2.460238366460000048e+00	5.012227634271501087e-01
2.457668269512999881e+00	5.027205345255499891e-01
2.455016998944500095e+00	5.042671516751500160e-01
2.452284032118499546e+00	5.058630613494499162e-01
2.449468825701500041e+00	5.075087273482999928e-01
2.446570815110999941e+00	5.092046312578999423e-01
2.443589413894000195e+00	5.109512729339499293e-01
2.440524013075000109e+00	5.127491710116499624e-01
2.437373980495499914e+00	5.145988634432500097e-01
2.434138660083999817e+00	5.165009080630499350e-01
2.430817371117999670e+00	5.184558831850500926e-01
2.427409407415999532e+00	5.204643882306000391e-01
2.423914036511499948e+00	5.225270443920499996e-01
2.420330498759999838e+00	5.246444953315499982e-01
2.416658006413999971e+00	5.268174079187499803e-01
2.412895742636000040e+00	5.290464730092500067e-01
2.409042860457499824e+00	5.313324062677000637e-01
2.405098481684499578e+00	5.336759490340501344e-01
2.401061695732499945e+00	5.360778692426499958e-01
2.396931558397500162e+00	5.385389623917500312e-01
2.392707090563499950e+00	5.410600525699000851e-01
2.388387276822999894e+00	5.436419935417999838e-01
2.383971064013000074e+00	5.462856698986500170e-01
2.379457359679000295e+00	5.489919982778499463e-01
2.374845030438499816e+00	5.517619286536500356e-01
2.370132900225500272e+00	5.545964457112999568e-01
2.365319748468999173e+00	5.574965703012499940e-01
2.360404308099499637e+00	5.604633609881999323e-01
2.355385263484500502e+00	5.634979156966500868e-01
2.350261248185499863e+00	5.666013734621999642e-01
2.345030842602000121e+00	5.697749162997499672e-01
2.339692571434500046e+00	5.730197711919999826e-01
2.334244900986999660e+00	5.763372122134500231e-01
2.328686236286499955e+00	5.797285627999000379e-01
2.323014917990000150e+00	5.831951981739000868e-01
2.317229219087499903e+00	5.867385479427500439e-01
2.311327341361999910e+00	5.903600988807499172e-01
2.305307411584999855e+00	5.940613979155500157e-01
2.299167477432499940e+00	5.978440553356499931e-01
2.292905503098500386e+00	6.017097482391500218e-01
2.286519364558999623e+00	6.056602242485500387e-01
2.280006844472000083e+00	6.096973055144498943e-01
2.273365626657500194e+00	6.138228930419999951e-01
2.266593290159999885e+00	6.180389713647000960e-01
2.259687302759999739e+00	6.223476136092500610e-01
2.252645013989500455e+00	6.267509869882998963e-01
2.245463647515499872e+00	6.312513587675999682e-01
2.238140292848500135e+00	6.358511027601999599e-01
2.230671896303999979e+00	6.405527064082000566e-01
2.223055251128499332e+00	6.453587785154500933e-01
2.215286986694000149e+00	6.502720577138501046e-01
2.207363556634500235e+00	6.552954217464500575e-01
2.199281225808999984e+00	6.604318976707499456e-01
2.191036055941000260e+00	6.656846730986499816e-01
2.182623889753499746e+00	6.710571086077500302e-01
2.174040333403000069e+00	6.765527514787000873e-01
2.165280736976000320e+00	6.821753509445500629e-01
2.156340172794499743e+00	6.879288751595000750e-01
2.147213411172500308e+00	6.938175301427000896e-01
2.137894893277000108e+00	6.998457809871000412e-01
2.128378700641500032e+00	7.060183756860000104e-01
2.118658520768999853e+00	7.123403719927999811e-01
2.108727608235500206e+00	7.188171678093000505e-01
2.098578740480500748e+00	7.254545357058500565e-01
2.088204167366500386e+00	7.322586622974500692e-01
2.077595553391000216e+00	7.392361933607500823e-01
2.066743911124000022e+00	7.463942857775499595e-01
2.055639524174500021e+00	7.537406676475999490e-01
2.044271857528000336e+00	7.612837082409498191e-01
2.032629452566999895e+00	7.690324998902500209e-01
2.020699803344999879e+00	7.769969544833500441e-01
2.008469209755999962e+00	7.851879179641999551e-01
1.995922601921500172e+00	7.936173072468000189e-01
1.983043328386000059e+00	8.022982753144501933e-01
1.969812898315999705e+00	8.112454121520000783e-01
1.956210664451500048e+00	8.204749917959499594e-01
1.942213428819999921e+00	8.300052795485999280e-01
1.927794946136999643e+00	8.398569188773501448e-01
1.912925289477499957e+00	8.500534256481501183e-01
1.897570026901500118e+00	8.606218297385499483e-01
1.881689132853999968e+00	8.715935234763498851e-01
1.865235517750500005e+00	8.830054077041001870e-01
1.848152990673999962e+00	8.949014788504999762e-01
1.830373348954000168e+00	9.073350923657999001e-01
1.811812063275999973e+00	9.203723071336499251e-01
1.792361588472000111e+00	9.340970463566999893e-01
1.771880435455000180e+00	9.486195086103499374e-01
1.750174221282999820e+00	9.640908945199500035e-01
1.726960372687500023e+00	9.807319058298000769e-01
1.701793311980000167e+00	9.988966501331499881e-01
1.673831275996500167e+00	1.019251213400000022e+00
1.640289060587500014e+00	1.043766075109999747e+00
1.607410475402000216e+00	1.068852911824499818e+00
1.587636318134500124e+00	1.083821727144499869e+00
1.570799987925500130e+00	1.096602674544500111e+00
1.555476570852500018e+00	1.108278816287499913e+00
1.541144742809999801e+00	1.119177636497000083e+00
1.527564572497499995e+00	1.129472693721000010e+00
1.514597365411999963e+00	1.139274213102499989e+00
1.502149351207999972e+00	1.148658130368500174e+00
1.490151404785500011e+00	1.157679800522999791e+00
1.478550123550500306e+00	1.166381363219999967e+00
1.467303034519999994e+00	1.174795993030000041e+00
1.456375627798000005e+00	1.182950502351999944e+00
1.445739365914500141e+00	1.190867021006499993e+00
1.435370287953000146e+00	1.198564129410499834e+00
1.425248004258000023e+00	1.206057651952999965e+00
1.415354958016000086e+00	1.213361229735500091e+00
1.405675873638000173e+00	1.220486744659500022e+00
1.396197338089999906e+00	1.227444640277000065e+00
1.386907478335999810e+00	1.234244169028999805e+00
1.377795709254999945e+00	1.240893585852000047e+00
1.368852533907999991e+00	1.247400301948000223e+00
1.360069383312499935e+00	1.253771008468500092e+00
1.351438486393000016e+00	1.260011777104499853e+00
1.342952763268999927e+00	1.266128142776500098e+00
1.334605736867000125e+00	1.272125172200500254e+00
1.326391459051499799e+00	1.278007521247999989e+00
1.318304448364000070e+00	1.283779483285000023e+00
1.310339637215000241e+00	1.289445030208999921e+00
1.302492326736999884e+00	1.295007847515500021e+00
1.294758147999000020e+00	1.300471364423000153e+00
1.287133028460500039e+00	1.305838779923000015e+00
1.279613162848500130e+00	1.311113085402000111e+00
1.272194987695999924e+00	1.316297084392999972e+00
1.264875159043499897e+00	1.321393409893500293e+00
1.257650532784999831e+00	1.326404539618999845e+00
1.250518147307999595e+00	1.331332809480999968e+00
1.243475208057999826e+00	1.336180425545000050e+00
1.236519073835999682e+00	1.340949474692000098e+00
1.229647244521500316e+00	1.345641934121000194e+00
1.222857350091000050e+00	1.350259679881999908e+00
1.216147140743000232e+00	1.354804494541499871e+00
1.209514477999499960e+00	1.359278074080499721e+00
1.202957326660500037e+00	1.363682034142999822e+00
1.196473747522999842e+00	1.368017915686999597e+00
1.190061890765000019e+00	1.372287190116499911e+00
1.183719989922499938e+00	1.376491263958499855e+00
1.177446356402499950e+00	1.380631483123500036e+00
1.171239374456500171e+00	1.384709136799499918e+00
1.165097496598499927e+00	1.388725461027500163e+00
1.159019239367500065e+00	1.392681641964500061e+00
1.153003179468000017e+00	1.396578818905499952e+00
1.147047950189499899e+00	1.400418087042999860e+00
1.141152238120000106e+00	1.404200500037499966e+00
1.135314780097499865e+00	1.407927072364500098e+00
1.129534360402499882e+00	1.411598781513000223e+00
1.123809808140999955e+00	1.415216570008000163e+00
1.118139994832999973e+00	1.418781347280499983e+00
1.112523832159499904e+00	1.422293991431999860e+00
1.106960269863499935e+00	1.425755350845000269e+00
1.101448293812999912e+00	1.429166245703500149e+00
1.095986924171500121e+00	1.432527469409500043e+00
1.090575213699999990e+00	1.435839789890999807e+00
1.085212246171999961e+00	1.439103950851500002e+00
1.079897134891000032e+00	1.442320672915500035e+00
1.074629021286999997e+00	1.445490654712999978e+00
1.069407073613500181e+00	1.448614573892999857e+00
1.064230485726500142e+00	1.451693088083999994e+00
1.059098475919500126e+00	1.454726835783999972e+00
1.054010285850500050e+00	1.457716437205499815e+00
1.048965179510500167e+00	1.460662495070499833e+00
1.043962442265999879e+00	1.463565595358999882e+00
1.039001379948500059e+00	1.466426308018500047e+00
1.034081317992999960e+00	1.469245187622500115e+00
1.029201600641000081e+00	1.472022774012999857e+00
1.024361590152000012e+00	1.474759592881000003e+00
1.019560666100499891e+00	1.477456156350000160e+00
1.014798224673499893e+00	1.480112963490999967e+00
1.010073678027499922e+00	1.482730500842000199e+00
1.005386453665999991e+00	1.485309242881500014e+00
1.000735993860600193e+00	1.487849652491500141e+00
9.961217550853497249e-01	1.490352181380500074e+00
9.915432074934500406e-01	1.492817270505499838e+00
9.869998344132501211e-01	1.495245350457500066e+00
9.824911318685000117e-01	1.497636841835499943e+00
9.780166081233000464e-01	1.499992155599500165e+00
9.735757832474499773e-01	1.502311693416000127e+00
9.691681887030499931e-01	1.504595847968000166e+00
9.647933669487999131e-01	1.506845003271499728e+00
9.604508710638999247e-01	1.509059534972999828e+00
9.561402643877500163e-01	1.511239810616000101e+00
9.518611201762000595e-01	1.513386189919500024e+00
9.476130212734499292e-01	1.515499025027499780e+00
9.433955597975002272e-01	1.517578660766499832e+00
9.392083368389499975e-01	1.519625434860000013e+00
9.350509621741499577e-01	1.521639678169999899e+00
9.309230539885499089e-01	1.523621714901500113e+00
9.268242386137000022e-01	1.525571862812999724e+00
9.227541502729998957e-01	1.527490433418499771e+00
9.187124308389998939e-01	1.529377732161999903e+00
9.146987296010999913e-01	1.531234058618000216e+00
9.107127030416000135e-01	1.533059706648499887e+00
9.067540146201500395e-01	1.534854964585499859e+00
9.028223345693000557e-01	1.536620115381499785e+00
8.989173396938501259e-01	1.538355436768500173e+00
8.950387131825501275e-01	1.540061201404999913e+00
8.911861444232000995e-01	1.541737677022000153e+00
8.873593288267001000e-01	1.543385126556999998e+00
8.835579676580500585e-01	1.545003808290499991e+00
8.797817678716499668e-01	1.546593975972000212e+00
8.760304419547499943e-01	1.548155878935999930e+00
8.723037077752499036e-01	1.549689762235500146e+00
8.686012884359499697e-01	1.551195866741500229e+00
8.649229121333000814e-01	1.552674429264999878e+00
8.612683120215500754e-01	1.554125682652500062e+00
8.576372260811500059e-01	1.555549855895500100e+00
8.540293969929499962e-01	1.556947174227000241e+00
8.504445720150999311e-01	1.558317859220499813e+00
8.468825028654499709e-01	1.559662128873499753e+00
8.433429456079000186e-01	1.560980197710999828e+00
8.398256605414999854e-01	1.562272276854000053e+00
8.363304120944498043e-01	1.563538574120000080e+00
8.328569687205999994e-01	1.564779294091000139e+00
8.294051028006000914e-01	1.565994638197499844e+00
8.259745905449499270e-01	1.567184804792999930e+00
8.225652119012998309e-01	1.568349989222999952e+00
8.191767504633500341e-01	1.569490383909000197e+00
8.158089933845499298e-01	1.570606178395500097e+00
8.124617312933999358e-01	1.571697559432500002e+00
8.091347582101000580e-01	1.572764711038499907e+00
8.058278714691500255e-01	1.573807814552000028e+00
8.025408716407499421e-01	1.574827048706000099e+00
7.992735624575499909e-01	1.575822589675500041e+00
7.960257507410000155e-01	1.576794611138500057e+00
7.927972463322999763e-01	1.577743284333500196e+00
7.895878620236500556e-01	1.578668778107000126e+00
7.863974134926499104e-01	1.579571258968999858e+00
7.832257192379500355e-01	1.580450891142999748e+00
7.800726005172000654e-01	1.581307836614999740e+00
7.769378812869499606e-01	1.582142255182499957e+00
7.738213881427998819e-01	1.582954304490499897e+00
7.707229502639999508e-01	1.583744140094999864e+00
7.676423993570501425e-01	1.584511915485000033e+00
7.645795696024499932e-01	1.585257782143500105e+00
7.615342976018999455e-01	1.585981889578000015e+00
7.585064223278500384e-01	1.586684385360999983e+00
7.554957850741500502e-01	1.587365415170999938e+00
7.525022294076000318e-01	1.588025122834000102e+00
7.495256011214999070e-01	1.588663650348499878e+00
7.465657481902499004e-01	1.589281137936999988e+00
7.436225207243499780e-01	1.589877724068999854e+00
7.406957709288499725e-01	1.590453545498500043e+00
7.377853530594000731e-01	1.591008737297000319e+00
7.348911233827499778e-01	1.591543432886499909e+00
7.320129401375500278e-01	1.592057764073499859e+00
7.291506634936999465e-01	1.592551861067999841e+00
7.263041555160001383e-01	1.593025852528999975e+00
7.234732801274501579e-01	1.593479865580999855e+00
7.206579030725001056e-01	1.593914025851499883e+00
7.178578918834001010e-01	1.594328457487000028e+00
7.150731158451000269e-01	1.594723283193000274e+00
7.123034459624000281e-01	1.595098624251499952e+00
7.095487549276999761e-01	1.595454600549999880e+00
7.068089170897501328e-01	1.595791330600500046e+00
7.040838084220999438e-01	1.596108931576500023e+00
7.013733064940999018e-01	1.596407519322500024e+00
6.986772904404500162e-01	1.596687208384500067e+00
6.959956409335000815e-01	1.596948112032499756e+00
6.933282401552499641e-01	1.597190342283500097e+00
6.906749717694999902e-01	1.597414009913000088e+00
6.880357208960001802e-01	1.597619224492999868e+00
6.854103740840999937e-01	1.597806094397000054e+00
6.827988192879000939e-01	1.597974726828500280e+00
6.802009458403499575e-01	1.598125227840499818e+00
6.776166444304501102e-01	1.598257702348500064e+00
6.750458070784499665e-01	1.598372254156000150e+00
6.724883271138999419e-01	1.598468985968499956e+00
6.699440991519000077e-01	1.598547999410499854e+00
6.674130190721998535e-01	1.598609395053000037e+00
6.648949839967001063e-01	1.598653272412499771e+00
6.623898922689500646e-01	1.598679729984499920e+00
6.598976434330000584e-01	1.598688865251499891e+00
6.574181382142499919e-01	1.598680774700000029e+00
6.549512784990000336e-01	1.598655553835499843e+00
6.524969673148000027e-01	1.598613297203499872e+00
6.500551088125499088e-01	1.598554098394000089e+00
6.476256082478000220e-01	1.598478050064500167e+00
6.452083719619000624e-01	1.598385243951000012e+00
6.428033073657000163e-01	1.598275770886500080e+00
6.404103229213999882e-01	1.598149720802999774e+00
6.380293281251999682e-01	1.598007182760500244e+00
6.356602334920500308e-01	1.597848244948999907e+00
6.333029505385500135e-01	1.597672994701999860e+00
6.309573917669999421e-01	1.597481518516000287e+00
6.286234706507499714e-01	1.597273902055999839e+00
6.263011016177999490e-01	1.597050230173000074e+00
6.239902000364999646e-01	1.596810586908499863e+00
6.216906822012500111e-01	1.596555055514500054e+00
6.194024653177498951e-01	1.596283718458499923e+00
6.171254674889498082e-01	1.595996657436999921e+00
6.148596077015000549e-01	1.595693953386000175e+00
6.126048058126001283e-01	1.595375686496500078e+00
6.103609825363000008e-01	1.595041936212000078e+00
6.081280594306499587e-01	1.594692781253500113e+00
6.059059588849999844e-01	1.594328299622499667e+00
6.036946041082500436e-01	1.593948568610500161e+00
6.014939191158999998e-01	1.593553664807999981e+00
5.993038287182500534e-01	1.593143664120999947e+00
5.971242585090001942e-01	1.592718641765999976e+00
5.949551348538499873e-01	1.592278672296500108e+00
5.927963848778999845e-01	1.591823829601999973e+00
5.906479364570998980e-01	1.591354186914000213e+00
5.885097182051000075e-01	1.590869816822999994e+00
5.863816594636499513e-01	1.590370791281500162e+00
5.842636902923999953e-01	1.589857181611999959e+00
5.821557414577498424e-01	1.589329058519500126e+00
5.800577444237999813e-01	1.588786492094000025e+00
5.779696313420000786e-01	1.588229551824999808e+00
5.758913350413000787e-01	1.587658306598499935e+00
5.738227890190999991e-01	1.587072824715999753e+00
5.717639274315500231e-01	1.586473173898999667e+00
5.697146850848499033e-01	1.585859421289999904e+00
5.676749974254500231e-01	1.585231633466500201e+00
5.656448005324999917e-01	1.584589876439499889e+00
5.636240311076500253e-01	1.583934215676499946e+00
5.616126264681000624e-01	1.583264716090999835e+00
5.596105245367499759e-01	1.582581442057499954e+00
5.576176638352998705e-01	1.581884457418499590e+00
5.556339834751500284e-01	1.581173825485500117e+00
5.536594231503000341e-01	1.580449609054499938e+00
5.516939231292000700e-01	1.579711870399500118e+00
5.497374242464999616e-01	1.578960671292499729e+00
5.477898678970000157e-01	1.578196072997499977e+00
5.458511960267999896e-01	1.577418136283500028e+00
5.439213511268998769e-01	1.576626921427499939e+00
5.420002762258000484e-01	1.575822488221499729e+00
5.400879148823000131e-01	1.575004895977999864e+00
5.381842111792999317e-01	1.574174203533500016e+00
5.362891097160499276e-01	1.573330469252999908e+00
5.344025556022999890e-01	1.572473751041499668e+00
5.325244944511500211e-01	1.571604106343500007e+00
5.306548723732500417e-01	1.570721592148999868e+00
5.287936359698000022e-01	1.569826265000500154e+00
5.269407323270999255e-01	1.568918180993500000e+00
5.250961090092500783e-01	1.567997395788000015e+00
5.232597140535499847e-01	1.567063964610000193e+00
5.214314959632500024e-01	1.566117942251500139e+00
5.196114037032000255e-01	1.565159383081499822e+00
5.177993866925499900e-01	1.564188341052499931e+00
5.159953947998000556e-01	1.563204869692500276e+00
5.141993783378999705e-01	1.562209022126500146e+00
5.124112880578499674e-01	1.561200851064999728e+00
5.106310751431499817e-01	1.560180408819999753e+00
5.088586912057999623e-01	1.559147747302000120e+00
5.070940882801000527e-01	1.558102918026999850e+00
5.053372188173500534e-01	1.557045972119000421e+00
5.035880356817499237e-01	1.555976960318000035e+00
5.018464921448499982e-01	1.554895932976000150e+00
5.001125418798999522e-01	1.553802940071999705e+00
4.983861389592000313e-01	1.552698031201999784e+00
4.966672378468500182e-01	1.551581255595499975e+00
4.949557933958500522e-01	1.550452662111000190e+00
4.932517608429500267e-01	1.549312299244500313e+00
4.915550958040499907e-01	1.548160215130000017e+00
4.898657542696999156e-01	1.546996457542000103e+00
4.881836926008499833e-01	1.545821073900000009e+00
4.865088675245500260e-01	1.544634111279000077e+00
4.848412361300501461e-01	1.543435616399000176e+00
4.831807558638500089e-01	1.542225635639999926e+00
4.815273845257500018e-01	1.541004215037499847e+00
4.798810802657499930e-01	1.539771400289000169e+00
4.782418015787500143e-01	1.538527236761000117e+00
4.766095073014000039e-01	1.537271769483000039e+00
4.749841566078000232e-01	1.536005043159500039e+00
4.733657090061500483e-01	1.534727102167500190e+00
4.717541243344500757e-01	1.533437990558499830e+00
4.701493627576500134e-01	1.532137752066500269e+00
4.685513847621999295e-01	1.530826430105499902e+00
4.669601511546500605e-01	1.529504067780500076e+00
4.653756230568500962e-01	1.528170707876000067e+00
4.637977619026999454e-01	1.526826392871500016e+00
4.622265294340500152e-01	1.525471164939500079e+00
4.606618876988500810e-01	1.524105065949000082e+00
4.591037990464000851e-01	1.522728137464500309e+00
4.575522261243500921e-01	1.521340420756500222e+00
4.560071318758501246e-01	1.519941956790999971e+00
4.544684795360499630e-01	1.518532786244000121e+00
4.529362326290000129e-01	1.517112949502500197e+00
4.514103549643500024e-01	1.515682486658499917e+00
4.498908106343999513e-01	1.514241437518500044e+00
4.483775640111500316e-01	1.512789841606500207e+00
4.468705797433999427e-01	1.511327738156500011e+00
4.453698227530999421e-01	1.509855166131000015e+00
4.438752582335999675e-01	1.508372164210000310e+00
4.423868516456999633e-01	1.506878770791999944e+00
4.409045687152500226e-01	1.505375024008000162e+00
4.394283754305499667e-01	1.503860961715000055e+00
4.379582380394999030e-01	1.502336621499499980e+00
4.364941230461999444e-01	1.500802040675000004e+00
4.350359972096001226e-01	1.499257256297500174e+00
4.335838275394999775e-01	1.497702305150500068e+00
4.321375812944999728e-01	1.496137223759000046e+00
4.306972259800500025e-01	1.494562048385999820e+00
4.292627293448000314e-01	1.492976815033999927e+00
4.278340593784499823e-01	1.491381559452500172e+00
4.264111843102000310e-01	1.489776317129499761e+00
4.249940726048500039e-01	1.488161123307000233e+00
4.235826929609999847e-01	1.486536012965499864e+00
4.221770143091500005e-01	1.484901020844499708e+00
4.207770058087499931e-01	1.483256181426499953e+00
4.193826368459500076e-01	1.481601528952999791e+00
4.179938770316999341e-01	1.479937097415500169e+00
4.166106961988500501e-01	1.478262920561999927e+00
4.152330644006500537e-01	1.476579031902000017e+00
4.138609519080500010e-01	1.474885464700500082e+00
4.124943292074499945e-01	1.473182251979500146e+00
4.111331669991000193e-01	1.471469426530999991e+00
4.097774361945500377e-01	1.469747020900499690e+00
4.084271079143499961e-01	1.468015067405499696e+00
4.070821534866500002e-01	1.466273598126000222e+00
4.057425444449000440e-01	1.464522644912000349e+00
4.044082525250500271e-01	1.462762239374000073e+00
4.030792496653999857e-01	1.460992412904999593e+00
4.017555080022500169e-01	1.459213196655499756e+00
4.004369998699500721e-01	1.457424621556999922e+00
3.991236977980000544e-01	1.455626718311500145e+00
3.978155745095000029e-01	1.453819517392500149e+00
3.965126029191000101e-01	1.452003049057000172e+00
3.952147561311000201e-01	1.450177343329499990e+00
3.939220074378499414e-01	1.448342430017500071e+00
3.926343303178499999e-01	1.446498338706500020e+00
3.913516984340499882e-01	1.444645098759500090e+00
3.900740856316999294e-01	1.442782739324000030e+00
3.888014659376000659e-01	1.440911289326499922e+00
3.875338135567000242e-01	1.439030777476999923e+00
3.862711028725500095e-01	1.437141232268500213e+00
3.850133084436500042e-01	1.435242681980999802e+00
3.837604050027000335e-01	1.433335154680999812e+00
3.825123674553000397e-01	1.431418678210999884e+00
3.812691708776499988e-01	1.429493280213000039e+00
3.800307905153499921e-01	1.427558988107500149e+00
3.787972017817500259e-01	1.425615829117000022e+00
3.775683802558999491e-01	1.423663830236999939e+00
3.763443016821500509e-01	1.421703018262499896e+00
3.751249419671999763e-01	1.419733419778000050e+00
3.739102771801999792e-01	1.417755061157999874e+00
3.727002835496500133e-01	1.415767968572499980e+00
3.714949374628000456e-01	1.413772167980999805e+00
3.702942154641000183e-01	1.411767685139499795e+00
3.690980942540500465e-01	1.409754545594499975e+00
3.679065506870000113e-01	1.407732774690499955e+00
3.667195617701999866e-01	1.405702397562500261e+00
3.655371046627499676e-01	1.403663439149000158e+00
3.643591566735000509e-01	1.401615924176000005e+00
3.631856952606499767e-01	1.399559877172499966e+00
3.620166980289500347e-01	1.397495322461999923e+00
3.608521427299499207e-01	1.395422284164000049e+00
3.596920072597000195e-01	1.393340786198999925e+00
3.585362696577999442e-01	1.391250852285000006e+00
3.573849081057999810e-01	1.389152505938999749e+00
3.562379009266499752e-01	1.387045770470499928e+00
3.550952265827500010e-01	1.384930669001499748e+00
3.539568636747000285e-01	1.382807224439499993e+00
3.528227909405000084e-01	1.380675459502999969e+00
3.516929872542999824e-01	1.378535396701000115e+00
3.505674316247499589e-01	1.376387058350500014e+00
3.494461031939000706e-01	1.374230466565999897e+00
3.483289812369499971e-01	1.372065643258000067e+00
3.472160451593999664e-01	1.369892610145500011e+00
3.461072744976999571e-01	1.367711388744500045e+00
3.450026489166500010e-01	1.365522000368500022e+00
3.439021482091999538e-01	1.363324466138000179e+00
3.428057522948499969e-01	1.361118806972000161e+00
3.417134412187500248e-01	1.358905043587999906e+00
3.406251951505500086e-01	1.356683196507000089e+00
3.395409943831501076e-01	1.354453286051499949e+00
3.384608193322499736e-01	1.352215332339999909e+00
3.373846505342500413e-01	1.349969355297000018e+00
3.363124686465499558e-01	1.347715374643499997e+00
3.352442544452000073e-01	1.345453409904000086e+00
3.341799888243499606e-01	1.343183480401000107e+00
3.331196527955500031e-01	1.340905605256999866e+00
3.320632274867999501e-01	1.338619803395999952e+00
3.310106941405999703e-01	1.336326093535999959e+00
3.299620341141999980e-01	1.334024494200500177e+00
3.289172288776500142e-01	1.331715023708500034e+00
3.278762600134000338e-01	1.329397700176999875e+00
3.268391092155500388e-01	1.327072541519500160e+00
3.258057582876500713e-01	1.324739565451499956e+00
3.247761891434000070e-01	1.322398789480499826e+00
3.237503838047500193e-01	1.320050230916000045e+00
3.227283244009500063e-01	1.317693906853500296e+00
3.217099931681500768e-01	1.315329834196000025e+00
3.206953724481499957e-01	1.312958029632500079e+00
3.196844446875500290e-01	1.310578509649500178e+00
3.186771924369999898e-01	1.308191290528999851e+00
3.176735983498000238e-01	1.305796388341999847e+00
3.166736451821999809e-01	1.303393818950500105e+00
3.156773157912000083e-01	1.300983598011499653e+00
3.146845931342999725e-01	1.298565740970500260e+00
3.136954602689000504e-01	1.296140263064500031e+00
3.127099003510500075e-01	1.293707179315000122e+00
3.117278966348500102e-01	1.291266504536500159e+00
3.107494324713999667e-01	1.288818253325999974e+00
3.097744913082499663e-01	1.286362440067500001e+00
3.088030566887000061e-01	1.283899078929500170e+00
3.078351122501499781e-01	1.281428183866499815e+00
3.068706417243499684e-01	1.278949768615000204e+00
3.059096289365499932e-01	1.276463846689000148e+00
3.049520578039000007e-01	1.273970431385500035e+00
3.039979123346999712e-01	1.271469535780999971e+00
3.030471766293499902e-01	1.268961172729999864e+00
3.020998348772500064e-01	1.266445354859999872e+00
3.011558713573000423e-01	1.263922094575999910e+00
3.002152704373999836e-01	1.261391404055999921e+00
2.992780165728999853e-01	1.258853295249999782e+00
2.983440943064500361e-01	1.256307779877499753e+00
2.974134882668499902e-01	1.253754869428499896e+00
2.964861831686499971e-01	1.251194575158499855e+00
2.955621638115999983e-01	1.248626908085999965e+00
2.946414150794499642e-01	1.246051879001499829e+00
2.937239219391999945e-01	1.243469498446999832e+00
2.928096694414000223e-01	1.240879776732000117e+00
2.918986427176499254e-01	1.238282723922000006e+00
2.909908269820999371e-01	1.235678349838500001e+00
2.900862075288500597e-01	1.233066664052500094e+00
2.891847697324499977e-01	1.230447675895500081e+00
2.882864990469999333e-01	1.227821394442000003e+00
2.873913810048499551e-01	1.225187828518000011e+00
2.864994012168499693e-01	1.222546986691499971e+00
2.856105453711500486e-01	1.219898877278000171e+00
2.847247992325500077e-01	1.217243508327499724e+00
2.838421486420500406e-01	1.214580887629500117e+00
2.829625795160500279e-01	1.211911022714500019e+00
2.820860778460999585e-01	1.209233920836499943e+00
2.812126296973999628e-01	1.206549588989499933e+00
2.803422212090500021e-01	1.203858033885999879e+00
2.794748385931000167e-01	1.201159261965500047e+00
2.786104681338000266e-01	1.198453279390000237e+00
2.777490961869999442e-01	1.195740092038500180e+00
2.768907091800000275e-01	1.193019705506000117e+00
2.760352936102000165e-01	1.190292125097500042e+00
2.751828360449000144e-01	1.187557355828000150e+00
2.743333231206999678e-01	1.184815402416500074e+00
2.734867415429499404e-01	1.182066269284000049e+00
2.726430780849000146e-01	1.179309960548999836e+00
2.718023195875000075e-01	1.176546480022999663e+00
2.709644529582999617e-01	1.173775831211000042e+00
2.701294651709499894e-01	1.170998017300000082e+00
2.692973432652999710e-01	1.168213041161999977e+00
2.684680743458999763e-01	1.165420905344499936e+00
2.676416455819999873e-01	1.162621612074500099e+00
2.668180442067500380e-01	1.159815163240999869e+00
2.659972575165999720e-01	1.157001560399999907e+00
2.651792728712000224e-01	1.154180804771999913e+00
2.643640776918000368e-01	1.151352897224499960e+00
2.635516594616499897e-01	1.148517838285500137e+00
2.627420057250500207e-01	1.145675628119999789e+00
2.619351040867499703e-01	1.142826266535500013e+00
2.611309422114499457e-01	1.139969752974500095e+00
2.603295078238500038e-01	1.137106086508000047e+00
2.595307887062500152e-01	1.134235265834000028e+00
2.587347727002999864e-01	1.131357289261500032e+00
2.579414477051000243e-01	1.128472154716499976e+00
2.571508016769000204e-01	1.125579859729000098e+00
2.563628226280999511e-01	1.122680401423500118e+00
2.555774986279499839e-01	1.119773776523500075e+00
2.547948178006499975e-01	1.116859981336999930e+00
2.540147683256000488e-01	1.113939011744000229e+00
2.532373384365499969e-01	1.111010863204999977e+00
2.524625164208499362e-01	1.108075530737999914e+00
2.516902906197499568e-01	1.105133008922499993e+00
2.509206494266499887e-01	1.102183291882500082e+00
2.501535812872499598e-01	1.099226373285999925e+00
2.493890746994500418e-01	1.096262246328999712e+00
2.486271182113999334e-01	1.093290903738499908e+00
2.478677004224000002e-01	1.090312337751000227e+00
2.471108099812499570e-01	1.087326540108500161e+00
2.463564355869500011e-01	1.084333502054499965e+00
2.456045659866499808e-01	1.081333214312499846e+00
2.448551899759499884e-01	1.078325667092999929e+00
2.441082963982999787e-01	1.075310850065999801e+00
2.433638741447000098e-01	1.072288752357999808e+00
2.426219121520499511e-01	1.069259362544000114e+00
2.418823994041499614e-01	1.066222668633499904e+00
2.411453249294500112e-01	1.063178658057500003e+00
2.404106778019500512e-01	1.060127317657999946e+00
2.396784471399499572e-01	1.057068633673500013e+00
2.389486221050499959e-01	1.054002591734500172e+00
2.382211919028500158e-01	1.050929176837500201e+00
2.374961457810000343e-01	1.047848373343500006e+00
2.367734730291500278e-01	1.044760164957500015e+00
2.360531629787000207e-01	1.041664534711999934e+00
2.353352050019000274e-01	1.038561464960999992e+00
2.346195885109500223e-01	1.035450937357000001e+00
2.339063029579500075e-01	1.032332932833500028e+00
2.331953378336000249e-01	1.029207431602000122e+00
2.324866826679500009e-01	1.026074413114999917e+00
2.317803270280999750e-01	1.022933856064499825e+00
2.310762605182000162e-01	1.019785738358999883e+00
2.303744727793999858e-01	1.016630037100499928e+00
2.296749534885499933e-01	1.013466728571500219e+00
2.289776923573499656e-01	1.010295788210000101e+00
2.282826791329499727e-01	1.007117190594999823e+00
2.275899035954999650e-01	1.003930909414499917e+00
2.268993555589999822e-01	1.000736917454299935e+00
2.262110248692999759e-01	9.975351865678501184e-01
2.255249014046499523e-01	9.943256876550499168e-01
2.248409750743999846e-01	9.911083906376501051e-01
2.241592358180499733e-01	9.878832644319999190e-01
2.234796736047500454e-01	9.846502769242500008e-01
2.228022784327499950e-01	9.814093949408000395e-01
2.221270403282999961e-01	9.781605842214000646e-01
2.214539493449000085e-01	9.749038093889501599e-01
2.207829955629000140e-01	9.716390339174501012e-01
2.201141690886000146e-01	9.683662201010001525e-01
2.194474600526000463e-01	9.650853290213999847e-01
2.187828586100500350e-01	9.617963205111500491e-01
2.181203549393500030e-01	9.584991531200000026e-01
2.174599392410499765e-01	9.551937840757499520e-01
2.168016017374500282e-01	9.518801692466499764e-01
2.161453326710000289e-01	9.485582631000498699e-01
2.154911223040999746e-01	9.452280186609499646e-01
2.148389609176500348e-01	9.418893874678000433e-01
2.141888388100500473e-01	9.385423195269998464e-01
2.135407462962500280e-01	9.351867632659501828e-01
2.128946737070500084e-01	9.318226654824999233e-01
2.122506113877000167e-01	9.284499712941499672e-01
2.116085496962499535e-01	9.250686240837499019e-01
2.109684790036000235e-01	9.216785654436501218e-01
2.103303896912500082e-01	9.182797351168001665e-01
2.096942721506499796e-01	9.148720709357999192e-01
2.090601167816000250e-01	9.114555087584002013e-01
2.084279139912999790e-01	9.080299824012000309e-01
2.077976541926500054e-01	9.045954235697498680e-01
2.071693278032999963e-01	9.011517617851501072e-01
2.065429252434499985e-01	8.976989243075500502e-01
2.059184369354999655e-01	8.942368360561999685e-01
2.052958533008000241e-01	8.907654195253000839e-01
2.046751647601000035e-01	8.872845946965000063e-01
2.040563617303499944e-01	8.837942789460999649e-01
2.034394346231499784e-01	8.802943869486998807e-01
2.028243738435500099e-01	8.767848305755501226e-01
2.022111697877499448e-01	8.732655187878499703e-01
2.015998128412500034e-01	8.697363575248999723e-01
2.009902933764000088e-01	8.661972495852501286e-01
2.003826017509000024e-01	8.626480945048500271e-01
1.997767283051999909e-01	8.590887884240998584e-01
1.991726633601000052e-01	8.555192239522499964e-01
1.985703972141499851e-01	8.519392900213500486e-01
1.979699201417999821e-01	8.483488717340998964e-01
1.973712223897999829e-01	8.447478502027999658e-01
1.967742941746499774e-01	8.411361023785499658e-01
1.961791256801500016e-01	8.375135008715501872e-01
1.955857070534000042e-01	8.338799137603499778e-01
1.949940284023500003e-01	8.302352043916499946e-01
1.944040797914499963e-01	8.265792311659498903e-01
1.938158512388500343e-01	8.229118473118999244e-01
1.932293327118499993e-01	8.192329006459999619e-01
1.926445141231500069e-01	8.155422333186999051e-01
1.920613853269499960e-01	8.118396815438500003e-01
1.914799361129999877e-01	8.081250753104498585e-01
1.909001562031499843e-01	8.043982380763500251e-01
1.903220352457000164e-01	8.006589864433498738e-01
1.897455628099499747e-01	7.969071298070499187e-01
1.891707283799999861e-01	7.931424699874000117e-01
1.885975213496499936e-01	7.893648008308999930e-01
1.880259310138500117e-01	7.855739077860999231e-01
1.874559465644499712e-01	7.817695674490999780e-01
1.868875570796500185e-01	7.779515470760498541e-01
1.863207515182999929e-01	7.741196040600499817e-01
1.857555187101999905e-01	7.702734853692499994e-01
1.851918473470500204e-01	7.664129269413000323e-01
1.846297259722499973e-01	7.625376530329500691e-01
1.840691429707000115e-01	7.586473755161500243e-01
1.835100865571999695e-01	7.547417931191000573e-01
1.829525447640500124e-01	7.508205906049500999e-01
1.823965054266500074e-01	7.468834378816000541e-01
1.818419561708999876e-01	7.429299890363501024e-01
1.812888843955500207e-01	7.389598812865000310e-01
1.807372772565000452e-01	7.349727338359499651e-01
1.801871216476499671e-01	7.309681466303500352e-01
1.796384041801999953e-01	7.269456989943000602e-01
1.790911111610499762e-01	7.229049481420500856e-01
1.785452285689999863e-01	7.188454275421001238e-01
1.780007420267499807e-01	7.147666451206500238e-01
1.774576367734500004e-01	7.106680812819500259e-01
1.769158976310499787e-01	7.065491867240499824e-01
1.763755089692499722e-01	7.024093800177499958e-01
1.758364546668999828e-01	6.982480449263500644e-01
1.752987180666500111e-01	6.940645274169500167e-01
1.747622819283000117e-01	6.898581323320500669e-01
1.742271283726999909e-01	6.856281196613500661e-01
1.736932388215000067e-01	6.813737003594999564e-01
1.731605939295000063e-01	6.770940316355000821e-01
1.726291735063500143e-01	6.727882116280999858e-01
1.720989564299000296e-01	6.684552733687499915e-01
1.715699205463999955e-01	6.640941779046000137e-01
1.710420425583500104e-01	6.597038064342999331e-01
1.705152978928000107e-01	6.552829512736999540e-01
1.699896605536500016e-01	6.508303054283998135e-01
1.694651029470000403e-01	6.463444504936000090e-01
1.689415956804500019e-01	6.418238425349500620e-01
1.684191073260499771e-01	6.372667955164499354e-01
1.678976041422999832e-01	6.326714617201500968e-01
1.673770497420500047e-01	6.280358084450499145e-01
1.668574046970000280e-01	6.233575900695499383e-01
1.663386260573999909e-01	6.186343142653499827e-01
1.658206667676000168e-01	6.138632007598500140e-01
1.653034749452000074e-01	6.090411304880500865e-01
1.647869929802499855e-01	6.041645821769000557e-01
1.642711563981499867e-01	5.992295522518500395e-01
1.637558924032500030e-01	5.942314522356999529e-01
1.632411179853499872e-01	5.891649751829499682e-01
1.627267374230500219e-01	5.840239185697500002e-01
1.622126389389999812e-01	5.788009443368999918e-01
1.616986901402500121e-01	5.734872453861999952e-01
1.611847316823999954e-01	5.680720676115000867e-01
1.606705682258499912e-01	5.625419989215998395e-01
1.601559549418999917e-01	5.568798632982500108e-01
1.596405756823000011e-01	5.510629079891000703e-01
1.591240022609999583e-01	5.450596500047000248e-01
1.586056017290499720e-01	5.388239845465999656e-01
1.580842784954500091e-01	5.322826499760000551e-01
1.575576486042999935e-01	5.252958955337498903e-01
1.570191868221000042e-01	5.173949304203999677e-01
1.564657548164999912e-01	4.790012676950999859e-01
1.559307427797499701e-01	4.295971007960000532e-01
1.554108894424499898e-01	3.910827221253500019e-01
1.548996047005999910e-01	3.586268064031499225e-01
1.543944680232499922e-01	3.304500421409500288e-01
1.538943583210000132e-01	3.055674967756999427e-01
1.533986227515000134e-01	2.833434918993500418e-01
1.529068167448500160e-01	2.633305948455499923e-01
1.524186102597499815e-01	2.451956342644500408e-01
1.519337464643499835e-01	2.286805064156499923e-01
1.514520195031500149e-01	2.135793102946000332e-01
1.509732607172000196e-01	1.997240375221500108e-01
1.504973293890000119e-01	1.869751220454000107e-01
1.500241062466999842e-01	1.752149284419500241e-01
1.495534887828999793e-01	1.643431077563999865e-01
1.490853878114999920e-01	1.542731894379500146e-01
1.486197248954000405e-01	1.449300196221999792e-01
1.481564303905500146e-01	1.362477957653999705e-01
1.476954419382500161e-01	1.281685319489000163e-01
1.472367032858499791e-01	1.206408419088999817e-01
1.467801633511999770e-01	1.136189608924500077e-01
1.463257754708000014e-01	1.070619500221499931e-01
1.458734967895999879e-01	1.009330421880499928e-01
1.454232877598000129e-01	9.519909914436500142e-02
1.449751117248499754e-01	8.983015702046000250e-02
1.445289345708000162e-01	8.479904288323499018e-02
1.440847244341500188e-01	8.008104895341501550e-02
1.436424514519000217e-01	7.565365402241999715e-02
1.432020875476999744e-01	7.149628382509500002e-02
1.427636062493499725e-01	6.759010380516500271e-02
1.423269825295500057e-01	6.391783900092998238e-02
1.418921926674500122e-01	6.046361678181000343e-02
1.414592141283499971e-01	5.721282895203999574e-02
1.410280254580499881e-01	5.415201035845999822e-02
1.405986061882499860e-01	5.126873163493499141e-02
1.401709367544499985e-01	4.855150411255000631e-02
1.397449984232000397e-01	4.598969524614499732e-02
1.393207732253999853e-01	4.357345316984000128e-02
1.388982438977499900e-01	4.129363920695500179e-02
1.384773938313499930e-01	3.914176733776999345e-02
1.380582070232999614e-01	3.710994977307500303e-02
1.376406680344499922e-01	3.519084790410499652e-02
1.372247619500999993e-01	3.337762800093999754e-02
1.368104743461499850e-01	3.166392111647500091e-02
1.363977912566999851e-01	3.004378672637000175e-02
1.359866991444499962e-01	2.851167969514499870e-02
1.355771848748999753e-01	2.706242021201999901e-02
1.351692356918499927e-01	2.569116638385500126e-02
1.347628391952999938e-01	2.439338921073499686e-02
1.343579833202999674e-01	2.316484970301500163e-02
1.339546563197500095e-01	2.200157792656999567e-02
1.335528467446499834e-01	2.089985378754000145e-02
1.331525434304000055e-01	1.985618938958499946e-02
1.327537354805500003e-01	1.886731281475500024e-02
1.323564122533499865e-01	1.793015319548499700e-02
1.319605633495999908e-01	1.704182695955000146e-02
1.315661785996000144e-01	1.619962514200000078e-02
1.311732480531500045e-01	1.540100166931500023e-02
1.307817619689000121e-01	1.464356253049499922e-02
1.303917108048500140e-01	1.392505575869499787e-02
1.300030852089499867e-01	1.324336215378499847e-02
1.296158760116500053e-01	1.259648668425499864e-02
1.292300742168500105e-01	1.198255051135000207e-02
1.288456709952499890e-01	1.139978358493500162e-02
1.284626576776499995e-01	1.084651776457500223e-02
1.280810257473500302e-01	1.032118042379499834e-02
1.277007668358000059e-01	9.822288499449499319e-03
1.273218727152500007e-01	9.348442951235500301e-03
1.269443352937499880e-01	8.898323599779999621e-03
1.265681466103000252e-01	8.470684314308998125e-03
1.261932988300000225e-01	8.064348523406001529e-03
1.258197842394999932e-01	7.678205024697498833e-03
1.254475952423000085e-01	7.311204071334000305e-03
1.250767243548999985e-01	6.962353714873000324e-03
1.247071642028999977e-01	6.630716386005999774e-03
1.243389075172500052e-01	6.315405695921499744e-03
1.239719471314000010e-01	6.015583442624999715e-03
1.236062759767500019e-01	5.730456807665000943e-03
1.232418870804999900e-01	5.459275729948498759e-03
1.228787735623000088e-01	5.201330444317499996e-03
1.225169286312000061e-01	4.955949173540000370e-03
1.221563455832999912e-01	4.722495963207500036e-03
1.217970177992000053e-01	4.500368649869500477e-03
1.214389387410500093e-01	4.288996953401999490e-03
1.210821019501999996e-01	4.087840685355499486e-03
1.207265010459999954e-01	3.896388065547499481e-03
1.203721297221500147e-01	3.714154139810999476e-03
1.200189817456999986e-01	3.540679292251000445e-03
1.196670509544000283e-01	3.375527845928000086e-03
1.193163312557000005e-01	3.218286746201499786e-03
1.189668166236999836e-01	3.068564321508000098e-03
1.186185010984499993e-01	2.925989116591499843e-03
1.182713787841499775e-01	2.790208793638500589e-03
1.179254438465000138e-01	2.660889097054500337e-03
1.175806905132500135e-01	2.537712877882500329e-03
1.172371130703999953e-01	2.420379174186000105e-03
1.168947058622499952e-01	2.308602343934499680e-03
1.165534632899500184e-01	2.202111247175999372e-03
1.162133798094000109e-01	2.100648474479000459e-03
1.158744499308500125e-01	2.003969618855999842e-03
1.155366682171499876e-01	1.911842588512500203e-03
1.152000292830999972e-01	1.824046958024000149e-03
1.148645277935499698e-01	1.740373355580500294e-03
1.145301584627000102e-01	1.660622884221999926e-03
1.141969160538500311e-01	1.584606575001500095e-03
1.138647953770000054e-01	1.512144870228999960e-03
1.135337912886500017e-01	1.443067135031500222e-03
1.132038986908500133e-01	1.377211195570000228e-03
1.128751125301999947e-01	1.314422902369999672e-03
1.125474277971000026e-01	1.254555717320500171e-03
1.122208395242500212e-01	1.197470322988999870e-03
1.118953427870500034e-01	1.143034252943500150e-03
1.115709327014999808e-01	1.091121541918500110e-03
1.112476044242000084e-01	1.041612394695999979e-03
1.109253531518999969e-01	9.943928726138498604e-04
1.106041741196499978e-01	9.493545967427499590e-04
1.102840626008000091e-01	9.063944667777500607e-04
1.099650139072000099e-01	8.654143947797000381e-04
1.096470233862999882e-01	8.263210529280499419e-04
1.093300864227500224e-01	7.890256345163999818e-04
1.090141984368999950e-01	7.534436274569000390e-04
1.086993548836000106e-01	7.194945996053498478e-04
1.083855512526999965e-01	6.871019952601500847e-04
1.080727830678999968e-01	6.561929422221500149e-04
1.077610458858500042e-01	6.266980688418501578e-04
1.074503352967499936e-01	5.985513305140999305e-04
1.071406469226499902e-01	5.716898451024999238e-04
1.068319764175500036e-01	5.460537368214999840e-04
1.065243194669499988e-01	5.215859881130000333e-04
1.062176717867999998e-01	4.982322990952999962e-04
1.059120291238499767e-01	4.759409541756000231e-04
1.056073872547500098e-01	4.546626954484500127e-04
1.053037419854500056e-01	4.343506025160499785e-04
1.050010891509000066e-01	4.149599783944499937e-04
1.046994246150999980e-01	3.964482411801999802e-04
1.043987442701000135e-01	3.787748211790000321e-04
1.040990440357500157e-01	3.619010632041999879e-04
1.038003198594000115e-01	3.457901337802000334e-04
1.035025677154000068e-01	3.304069329906000820e-04
1.032057836047999971e-01	3.157180107303999552e-04
1.029099635553500230e-01	3.016914871351500166e-04
1.026151036205499995e-01	2.882969769683999569e-04
1.023211998793500249e-01	2.755055177638000407e-04
1.020282484365500064e-01	2.632895015303500117e-04
1.017362454215999801e-01	2.516226098328500820e-04
1.014451869885000246e-01	2.404797520800500241e-04
1.011550693159500025e-01	2.298370068530499897e-04
1.008658886068000138e-01	2.196715661186000282e-04
1.005776410873999993e-01	2.099616821821499528e-04
1.002903230074499996e-01	2.006866172410999973e-04
1.000039306401650230e-01	1.918265954041500042e-04
9.971846028167501153e-02	1.833627570553999879e-04
9.943390825053000093e-02	1.752771154429500085e-04
9.915027088780001274e-02	1.675525153795000201e-04
9.886754455665500152e-02	1.601725939502499964e-04
9.858572564213999301e-02	1.531217431255000054e-04
9.830481055086499886e-02	1.463850741872500002e-04
9.802479571083998200e-02	1.399483838694999982e-04
9.774567757119997924e-02	1.337981221403499669e-04
9.746745260195999183e-02	1.279213615312500027e-04
9.719011729385498843e-02	1.223057679448999880e-04
9.691366815792500089e-02	1.169395728658000034e-04
9.663810172554500311e-02	1.118115469021500088e-04
9.636341454806499063e-02	1.069109745983999940e-04
9.608960319654499815e-02	1.022276304496900074e-04
9.581666426174001439e-02	9.775175606422501396e-05
9.554459435364498487e-02	9.347403841372500701e-05
9.527339010153500209e-02	8.938558912029501277e-05
9.500304815358499855e-02	8.547792472889501503e-05
9.473356517680500688e-02	8.174294791650000462e-05
9.446493785673001908e-02	7.817292959303499095e-05
9.419716289734499093e-02	7.476049185006499885e-05
9.393023702084001003e-02	7.149859171620501772e-05
9.366415696745999941e-02	6.838050568052999418e-05
9.339891949526499260e-02	6.539981494610499905e-05
9.313452138005499925e-02	6.255039137830999867e-05
9.287095941512998887e-02	5.982638411536999711e-05
9.260823041113000476e-02	5.722220680771999892e-05
9.234633119589000239e-02	5.473252545681499888e-05
9.208525861430501280e-02	5.235224682474000482e-05
9.182500952803000771e-02	5.007650738606500660e-05
9.156558081556001594e-02	4.790066279743999798e-05
9.130696937186999484e-02	4.582027785869498780e-05
9.104917210833998742e-02	4.383111694338499647e-05
9.079218595261001612e-02	4.192913487472999402e-05
9.053600784844499649e-02	4.011046822717499613e-05
9.028063475556499795e-02	3.837142703258000808e-05
9.002606364950499485e-02	3.670848687169999444e-05
8.977229152146998237e-02	3.511828133309500199e-05
8.951931537827999275e-02	3.359759482158500304e-05
8.926713224203999819e-02	3.214335570012000025e-05
8.901573915025000339e-02	3.075262974888000290e-05
8.876513315549501570e-02	2.942261392690999805e-05
8.851531132537000801e-02	2.815063042189499832e-05
8.826627074242501814e-02	2.693412097441000061e-05
8.801800850388499797e-02	2.577064146394000198e-05
8.777052172168001154e-02	2.465785674414499643e-05
8.752380752220999260e-02	2.359353571574499469e-05
8.727786304629499281e-02	2.257554662589999721e-05
8.703268544910000570e-02	2.160185258340500061e-05
8.678827189981999646e-02	2.067050727966500087e-05
8.654461958181999814e-02	1.977965090601499853e-05
8.630172569233500457e-02	1.892750625733500045e-05
8.605958744245999215e-02	1.811237501476000095e-05
8.581820205696999437e-02	1.733263419777500056e-05
8.557756677427000302e-02	1.658673277858500335e-05
8.533767884630000244e-02	1.587318845079499648e-05
8.509853553829001271e-02	1.519058454550500277e-05
8.486013412887499774e-02	1.453756708796500101e-05
8.462247190978999800e-02	1.391284198798499848e-05
8.438554618593500922e-02	1.331517235827500016e-05
8.414935427511999189e-02	1.274337595475499991e-05
8.391389350808500791e-02	1.219632273251499974e-05
8.367916122837500137e-02	1.167293251354499896e-05
8.344515479217499976e-02	1.117217275917000070e-05
8.321187156831000298e-02	1.069305644419499813e-05
8.297930893810499808e-02	1.023464002689999914e-05
8.274746429530499547e-02	9.796021510771000932e-06
8.251633504594999002e-02	9.376338593929500116e-06
8.228591860833998906e-02	8.974766902134000222e-06
8.205621241287999745e-02	8.590518301449999339e-06
8.182721390208499979e-02	8.222839286972501253e-06
8.159892053041001292e-02	7.871009444255998408e-06
8.137132976416999730e-02	7.534339979747000351e-06
8.114443908150999196e-02	7.212172317637000555e-06
8.091824597230000415e-02	6.903876759615498351e-06
8.069274793798500434e-02	6.608851204800499467e-06
8.046794249160500734e-02	6.326519927239999461e-06
8.024382715768998975e-02	6.056332408210500150e-06
8.002039947208498816e-02	5.797762220608000630e-06
7.979765698200499968e-02	5.550305964018500118e-06
7.957559724588500472e-02	5.313482246430499630e-06
7.935421783330501300e-02	5.086830712527999435e-06
7.913351632493499654e-02	4.869911114601499306e-06
7.891349031242501921e-02	4.662302425566499904e-06
7.869413739842501254e-02	4.463601991197000431e-06
7.847545519631998756e-02	4.273424720310000846e-06
7.825744133040998807e-02	4.091402311220500392e-06
7.804009343560000533e-02	3.917182512279999911e-06
7.782340915747000543e-02	3.750428415812999979e-06
7.760738615221998704e-02	3.590817783169499572e-06
7.739202208648500447e-02	3.438042399677499846e-06
7.717731463733500108e-02	3.291807458773499612e-06
7.696326149224999580e-02	3.151830973078000362e-06
7.674986034895001086e-02	3.017843211538999970e-06
7.653710891544499018e-02	2.889586162064000357e-06
7.632500490982499497e-02	2.766813017303000225e-06
7.611354606035500292e-02	2.649287683876500470e-06
7.590273010529000053e-02	2.536784312826000120e-06
7.569255479285999511e-02	2.429086851224999917e-06
