2.501897898556999955e+00	4.771530568267000061e-01
2.501824839002000367e+00	4.771949265506999494e-01
2.501678707373000243e+00	4.772786768305999905e-01
2.501459478633999645e+00	4.774043293388999798e-01
2.501167115188000167e+00	4.775719166044000152e-01
2.500801566869999881e+00	4.777814820386000472e-01
2.500362770888000075e+00	4.780330799685999499e-01
2.499850651783000366e+00	4.783267756793000425e-01
2.499265121351000207e+00	4.786626454636001005e-01
2.498606078578000211e+00	4.790407766822000757e-01
2.497873409558999835e+00	4.794612678319000176e-01
2.497066987391999948e+00	4.799242286222000220e-01
2.496186672068000156e+00	4.804297800620999648e-01
2.495232310365000039e+00	4.809780545539000807e-01
2.494203735703000024e+00	4.815691960005999972e-01
2.493100768007999957e+00	4.822033599182000141e-01
2.491923213554000149e+00	4.828807135611999923e-01
2.490670864785999861e+00	4.836014360570999315e-01
2.489343500158999856e+00	4.843657185506000107e-01
2.487940883918000168e+00	4.851737643595999683e-01
2.486462765906999994e+00	4.860257891427000598e-01
2.484908881334999986e+00	4.869220210757999601e-01
2.483278950546000008e+00	4.878627010430999777e-01
2.481572678751999828e+00	4.888480828380999954e-01
2.479789755780999805e+00	4.898784333786000422e-01
2.477929855779000157e+00	4.909540329345999932e-01
2.475992636907999866e+00	4.920751753688999974e-01
2.473977741030000121e+00	4.932421683923999822e-01
2.471884793364999666e+00	4.944553338340999527e-01
2.469713402128999924e+00	4.957150079272000243e-01
2.467463158164999726e+00	4.970215416087999105e-01
2.465133634526999629e+00	4.983753008387000749e-01
2.462724386070999749e+00	4.997766669345000135e-01
2.460234949013000438e+00	5.012260369259999848e-01
2.457664840437999931e+00	5.027238239261000441e-01
2.455013557835999727e+00	5.042704575251999444e-01
2.452280578549999923e+00	5.058663842049000436e-01
2.449465359257000152e+00	5.075120677730999841e-01
2.446567335357999973e+00	5.092079898247000580e-01
2.443585920385999977e+00	5.109546502233999199e-01
2.440520505369000226e+00	5.127525676145999745e-01
2.437370458130000195e+00	5.146022799597000930e-01
2.434135122598999779e+00	5.165043451033999311e-01
2.430813818034999851e+00	5.184593413696999553e-01
2.427405838252000514e+00	5.204678681915000382e-01
2.423910450766000313e+00	5.225305467720000596e-01
2.420326895926999899e+00	5.246480207855999112e-01
2.416654385971999996e+00	5.268209571146998949e-01
2.412892104048000252e+00	5.290500466277999747e-01
2.409039203174999866e+00	5.313360050027999826e-01
2.405094805142000247e+00	5.336795735938999474e-01
2.401057999345999949e+00	5.360815203505999715e-01
2.396927841565999806e+00	5.385426407865000487e-01
2.392703352662000515e+00	5.410637590062000735e-01
2.388383517203000128e+00	5.436457287915998915e-01
2.383967282007000144e+00	5.462894347516999982e-01
2.379453554591000053e+00	5.489957935418999790e-01
2.374841201535999868e+00	5.517657551568000418e-01
2.370129046758999714e+00	5.546003043009000155e-01
2.365315869639999846e+00	5.575004618466999906e-01
2.360400403082000054e+00	5.604672863810000738e-01
2.355381331410000278e+00	5.635018758515000226e-01
2.350257288147999724e+00	5.666053693190999940e-01
2.345026853652999677e+00	5.697789488237999800e-01
2.339688552577000369e+00	5.730238413756000293e-01
2.334240851184000043e+00	5.763413210776999751e-01
2.328682154455000042e+00	5.797327113957999600e-01
2.323010803007000025e+00	5.831993875841000596e-01
2.317225069791000180e+00	5.867427792828999733e-01
2.311323156554000224e+00	5.903643733016999962e-01
2.305303190045000061e+00	5.940657166053000537e-01
2.299163217929999892e+00	5.978484195208000340e-01
2.292901204399000470e+00	6.017141591875000417e-01
2.286515025452000138e+00	6.056646832711999329e-01
2.280002463797000001e+00	6.097018139693000105e-01
2.273361203336000003e+00	6.138274523343999478e-01
2.266588823221000304e+00	6.180435829516000013e-01
2.259682791403000213e+00	6.223522790022999462e-01
2.252640457630000093e+00	6.267557077568000068e-01
2.245459045836999845e+00	6.312561365418000170e-01
2.238135645877999735e+00	6.358559392359000029e-01
2.230667204483999910e+00	6.405576033501000355e-01
2.223050515386000292e+00	6.453637377634000583e-01
2.215282208511999862e+00	6.502770811872999879e-01
2.207358738119999941e+00	6.553005114508000384e-01
2.199276369728000002e+00	6.604370557053000912e-01
2.191031165736000652e+00	6.656899016648999412e-01
2.182618969505999651e+00	6.710624100195000663e-01
2.174035387721999779e+00	6.765581281739001529e-01
2.165275770785000109e+00	6.821808055003000248e-01
2.156335190971000237e+00	6.879344103075000216e-01
2.147208418007000574e+00	6.938231487880999193e-01
2.137889891662000164e+00	6.998514862301000727e-01
2.128373690955000175e+00	7.060241708437999808e-01
2.118653499356999870e+00	7.123462606207999759e-01
2.108722565391000003e+00	7.188231537199000210e-01
2.098573657852000007e+00	7.254606229789001270e-01
2.088199014712000423e+00	7.322648552750001816e-01
2.077590284612000016e+00	7.392424966170000333e-01
2.066738459629000157e+00	7.464007040519000657e-01
2.055633797672000274e+00	7.537472057246000778e-01
2.044265732619000353e+00	7.612903707606999415e-01
2.032622769758000381e+00	7.690392910813999006e-01
2.020692363677000003e+00	7.770038778205998753e-01
2.008460774956000172e+00	7.851949757878999847e-01
1.995912901172999909e+00	7.936245004497000100e-01
1.983032076403999922e+00	8.023056033109000618e-01
1.969799831723999972e+00	8.112528735383000011e-01
1.956195606462999947e+00	8.204825864025000470e-01
1.942196395930999797e+00	8.300130129896998721e-01
1.927776314519999756e+00	8.398648111905998581e-01
1.912906041580000105e+00	8.500615259927000178e-01
1.897552097140999816e+00	8.606302388553999094e-01
1.881675857763999815e+00	8.716024233288000023e-01
1.865232155096000044e+00	8.830150903146000152e-01
1.848167173379999806e+00	8.949123472826998604e-01
1.830415124517000169e+00	9.073475636247000375e-01
1.811892729595999896e+00	9.203864605209000072e-01
1.792489681597000173e+00	9.341117216225999220e-01
1.772051636772000283e+00	9.486304588719999265e-01
1.750349175380999878e+00	9.640881393083999829e-01
1.727020226500999955e+00	9.807002134177998931e-01
1.701462035228000103e+00	9.988394969517999655e-01
1.672626714372999812e+00	1.019313403943999941e+00
1.638631489498000082e+00	1.044312172006999884e+00
1.608751760902999761e+00	1.068233928552000167e+00
1.589587511561999955e+00	1.083381020120999905e+00
1.572265628842000051e+00	1.096501688181000134e+00
1.556370560053999874e+00	1.108328269290999923e+00
1.541596375394000074e+00	1.119269408950999800e+00
1.527716758174999745e+00	1.129560478804000123e+00
1.514563300971000004e+00	1.139342962685000016e+00
1.502009800514000126e+00	1.148706547925999910e+00
1.489960885823000014e+00	1.157711600197999902e+00
1.478343777236000189e+00	1.166401292128999900e+00
1.467102308230000096e+00	1.174808251977999873e+00
1.456192583273999919e+00	1.182958291252000027e+00
1.445579818946999939e+00	1.190872560209000230e+00
1.435236041521000150e+00	1.198568845106999792e+00
1.425138404721999930e+00	1.206062387328999730e+00
1.415267957061000059e+00	1.213366428492000049e+00
1.405608735343999882e+00	1.220492592680999966e+00
1.396147095198000176e+00	1.227451167444999935e+00
1.386871214049000045e+00	1.234251318599999925e+00
1.377770719872999816e+00	1.240901259561000058e+00
1.368836411872000225e+00	1.247408387886000058e+00
1.360060048530999932e+00	1.253779397228000025e+00
1.351434185288000078e+00	1.260020370281999869e+00
1.342952048821000277e+00	1.266136856598999882e+00
1.334607438574999971e+00	1.272133938289000010e+00
1.326394648640999874e+00	1.278016285744999925e+00
1.318308404930000011e+00	1.283788205182000208e+00
1.310343814009000019e+00	1.289453679385000218e+00
1.302496320816000308e+00	1.295016402754999962e+00
1.294761673300000027e+00	1.300479811594999813e+00
1.287135892460999909e+00	1.305847110391999966e+00
1.279615246664999928e+00	1.311121294681000027e+00
1.272196229421000080e+00	1.316305171051000089e+00
1.264875539943000060e+00	1.321401374680000185e+00
1.257650066038000114e+00	1.326412384770999875e+00
1.250516868905000134e+00	1.331340538198000134e+00
1.243473169577999915e+00	1.336188041610999688e+00
1.236516336736000143e+00	1.340956982165999900e+00
1.229643875745999981e+00	1.345649337153000058e+00
1.222853418719000107e+00	1.350266982559000128e+00
1.216142715486999926e+00	1.354811700799000151e+00
1.209509625408999867e+00	1.359285187650000060e+00
1.202952109858000274e+00	1.363689058517000063e+00
1.196468225378999994e+00	1.368024854111999700e+00
1.190056117409999947e+00	1.372294045589000033e+00
1.183714014508999934e+00	1.376498039239999915e+00
1.177440223065999936e+00	1.380638180750000110e+00
1.171233122414999883e+00	1.384715759102000066e+00
1.165091160344000176e+00	1.388732010148000073e+00
1.159012848951000096e+00	1.392688119878000119e+00
1.152996760798000064e+00	1.396585227430000131e+00
1.147041525377999971e+00	1.400424427864999988e+00
1.141145825815999881e+00	1.404206774715999639e+00
1.135308395842000051e+00	1.407933282359000282e+00
1.129528016952999980e+00	1.411604928185000052e+00
1.123803515803999842e+00	1.415222654629000099e+00
1.118133761743000054e+00	1.418787371052000257e+00
1.112517664574999898e+00	1.422299955483000033e+00
1.106954172413999959e+00	1.425761256244000075e+00
1.101442269734999924e+00	1.429172093467999893e+00
1.095980975514999844e+00	1.432533260500000072e+00
1.090569341516999913e+00	1.435845525228999886e+00
1.085206450695999969e+00	1.439109631313999937e+00
1.079891415660000131e+00	1.442326299344000251e+00
1.074623377301999971e+00	1.445496227909000009e+00
1.069401503433000000e+00	1.448620094632000033e+00
1.064224987565999925e+00	1.451698557107000020e+00
1.059093047747999838e+00	1.454732253806999775e+00
1.054004925451999863e+00	1.457721804916999986e+00
1.048959884544000021e+00	1.460667813136999893e+00
1.043957210327999929e+00	1.463570864418999973e+00
1.038996208598999882e+00	1.466431528696000131e+00
1.034076204805000065e+00	1.469250360520000243e+00
1.029196543219000004e+00	1.472027899708999943e+00
1.024356586162999960e+00	1.474764671947000227e+00
1.019555713281000031e+00	1.477461189331000124e+00
1.014793320854000092e+00	1.480117950919999981e+00
1.010068821131000050e+00	1.482735443236000039e+00
1.005381641723000374e+00	1.485314140744999900e+00
1.000731225009799941e+00	1.487854506314000069e+00
9.961170275719000156e-01	1.490356991645000351e+00
9.915385196756000274e-01	1.492822037675999969e+00
9.869951847559998992e-01	1.495250074988999867e+00
9.824865189427999246e-01	1.497641524171000160e+00
9.780120306018000864e-01	1.499996796178000080e+00
9.735712399015999940e-01	1.502316292655999863e+00
9.691636783965998925e-01	1.504600406290000247e+00
9.647888886345998838e-01	1.506849521079999921e+00
9.604464237776998425e-01	1.509064012668999810e+00
9.561358472428000965e-01	1.511244248583999861e+00
9.518567323589000040e-01	1.513390588545000082e+00
9.476086620371001468e-01	1.515503384687999944e+00
9.433912284579999419e-01	1.517582981826000044e+00
9.392040327690001078e-01	1.519629717678000036e+00
9.350466847989000740e-01	1.521643923102999896e+00
9.309188027817001387e-01	1.523625922296000024e+00
9.268200130918999857e-01	1.525576033010000110e+00
9.227499499926000714e-01	1.527494566753999861e+00
9.187082553920999928e-01	1.529381828962999901e+00
9.146945786122999689e-01	1.531238119208999882e+00
9.107085761638000765e-01	1.533063731347000136e+00
9.067499115324999526e-01	1.534858953706000007e+00
9.028182549737000517e-01	1.536624069226999900e+00
8.989132833130000222e-01	1.538359355644999926e+00
8.950346797567998447e-01	1.540065085608999906e+00
8.911821337091000439e-01	1.541741526844000010e+00
8.873553405945999728e-01	1.543388942286000098e+00
8.835540016911000993e-01	1.545007590210999870e+00
8.797778239633000652e-01	1.546597724356000070e+00
8.760265199075000231e-01	1.548159594063000188e+00
8.722998074001999669e-01	1.549693444374999896e+00
8.685974095508999238e-01	1.551199516155999936e+00
8.649190545615998982e-01	1.552678046217999874e+00
8.612644755921999851e-01	1.554129267400000014e+00
8.576334106269000168e-01	1.555553408691000117e+00
8.540256023503000060e-01	1.556950695318999989e+00
8.504407980235999531e-01	1.558321348851999799e+00
8.468787493677000233e-01	1.559665587292000000e+00
8.433392124479999197e-01	1.560983625147999820e+00
8.398219475656999444e-01	1.562275673548999766e+00
8.363267191503001019e-01	1.563541940302000111e+00
8.328532956568001078e-01	1.564782629987999885e+00
8.294014494671000381e-01	1.565997944031000122e+00
8.259709567926998286e-01	1.567188080786999782e+00
8.225615975814000169e-01	1.568353235595000061e+00
8.191731554283000483e-01	1.569493600872000183e+00
8.158054174872001463e-01	1.570609366163000065e+00
8.124581743866000627e-01	1.571700718211000103e+00
8.091312201478999544e-01	1.572767841031999847e+00
8.058243521058999770e-01	1.573810915968000046e+00
8.025373708310998833e-01	1.574830121740999900e+00
7.992700800567998920e-01	1.575825634526999863e+00
7.960222866048000112e-01	1.576797628002000184e+00
7.927938003173000681e-01	1.577746273397000021e+00
7.895844339869000361e-01	1.578671739562999887e+00
7.863940032917000611e-01	1.579574193003000060e+00
7.832223267314999404e-01	1.580453797939000093e+00
7.800692255640999662e-01	1.581310716353999890e+00
7.769345237469998944e-01	1.582145108041999926e+00
7.738180478767999748e-01	1.582957130651000188e+00
7.707196271338000448e-01	1.583746939726999869e+00
7.676390932249999022e-01	1.584514688762000079e+00
7.645762803322999623e-01	1.585260529237000116e+00
7.615310250579999662e-01	1.585984610655999827e+00
7.585031663757000331e-01	1.586687080588999876e+00
7.554925455804999412e-01	1.587368084712000194e+00
7.524990062404000035e-01	1.588027766846999977e+00
7.495223941498999620e-01	1.588666268996999920e+00
7.465625572839998947e-01	1.589283731378000386e+00
7.436193457551999453e-01	1.589880292456000044e+00
7.406926117689000000e-01	1.590456088985999994e+00
7.377822095830000038e-01	1.591011256039000177e+00
7.348879954650000546e-01	1.591545927033999996e+00
7.320098276545999871e-01	1.592060233770000055e+00
7.291475663232999116e-01	1.592554306465000069e+00
7.263010735374999527e-01	1.593028273769000025e+00
7.234702132207999625e-01	1.593482262810999917e+00
7.206548511199001306e-01	1.593916399208000101e+00
7.178548547676000258e-01	1.594330807113000237e+00
7.150700934502000061e-01	1.594725609226000040e+00
7.123004381740999369e-01	1.595100926830999910e+00
7.095457616330000938e-01	1.595456879806000261e+00
7.068059381769999927e-01	1.595793586672999975e+00
7.040808437812999809e-01	1.596111164593999820e+00
7.013703560154999073e-01	1.596409729419000056e+00
6.986743540163999899e-01	1.596689395686999857e+00
6.959927184579000059e-01	1.596950276669999891e+00
6.933253315224999769e-01	1.597192484382999877e+00
6.906720768754001094e-01	1.597416129600999879e+00
6.880328396383000866e-01	1.597621321891000035e+00
6.854075063612000696e-01	1.597808169631000030e+00
6.827959649991999225e-01	1.597976780019000120e+00
6.801981048871000857e-01	1.598127259108000020e+00
6.776138167147000013e-01	1.598259711812999750e+00
6.750429925034000522e-01	1.598374241933000039e+00
6.724855255841000190e-01	1.598470952174000148e+00
6.699413105729000728e-01	1.598549944166000047e+00
6.674102433508000143e-01	1.598611318466999887e+00
6.648922210405999733e-01	1.598655174601999907e+00
6.623871419868000432e-01	1.598681611059000085e+00
6.598949057353999947e-01	1.598690725323999917e+00
6.574154130121000472e-01	1.598682613879000014e+00
6.549485657040000630e-01	1.598657372233999840e+00
6.524942668402999857e-01	1.598615094924000113e+00
6.500524205725000115e-01	1.598555875546999960e+00
6.476229321573999664e-01	1.598479806752999943e+00
6.452057079376000148e-01	1.598386980283999836e+00
6.428006553240999121e-01	1.598277486963000094e+00
6.404076827804999761e-01	1.598151416729999941e+00
6.380266998039999526e-01	1.598008858638999996e+00
6.356576169102000629e-01	1.597849900877999829e+00
6.333003456169998824e-01	1.597674630782000005e+00
6.309547984272001475e-01	1.597483134847000219e+00
6.286208888152000629e-01	1.597275498736999921e+00
6.262985312095998847e-01	1.597051807301000270e+00
6.239876409798000845e-01	1.596812144577999915e+00
6.216881344211999672e-01	1.596556593825000148e+00
6.193999287398999076e-01	1.596285237503999976e+00
6.171229420397000842e-01	1.595998157308999854e+00
6.148570933085000245e-01	1.595695434180000039e+00
6.126023024037999809e-01	1.595377148301999837e+00
6.103584900405000235e-01	1.595043379122999871e+00
6.081255777771999993e-01	1.594694205360000172e+00
6.059034880043998594e-01	1.594329705016999998e+00
6.036921439317000093e-01	1.593949955378999972e+00
6.014914695748000417e-01	1.593555033037999724e+00
5.993013897451000549e-01	1.593145013900999940e+00
5.971218300369999232e-01	1.592719973184999915e+00
5.949527168163999402e-01	1.592279985442000001e+00
5.927939772099000137e-01	1.591825124554999915e+00
5.906455390930999139e-01	1.591355463763000078e+00
5.885073310812000136e-01	1.590871075648999877e+00
5.863792825160001332e-01	1.590372032168999805e+00
5.842613234580000814e-01	1.589858404645000167e+00
5.821533846743000007e-01	1.589330263779000108e+00
5.800553976291000779e-01	1.588787679660999874e+00
5.779672944750000596e-01	1.588230721780000021e+00
5.758890080410998813e-01	1.587659459024000075e+00
5.738204718257999826e-01	1.587073959690000091e+00
5.717616199857999959e-01	1.586474291502000034e+00
5.697123873270000249e-01	1.585860521597000083e+00
5.676727092979000355e-01	1.585232716553000021e+00
5.656425219767999835e-01	1.584590942389999979e+00
5.636217620668000361e-01	1.583935264562000178e+00
5.616103668850999098e-01	1.583265747988999994e+00
5.596082743554000594e-01	1.582582457043000046e+00
5.576154229997000167e-01	1.581885455566000021e+00
5.556317519300000285e-01	1.581174806868000049e+00
5.536572008407000256e-01	1.580450573747999909e+00
5.516917100008000840e-01	1.579712818475000002e+00
5.497352202459000470e-01	1.578961602821999932e+00
5.477876729705999370e-01	1.578196988054000105e+00
5.458490101215999202e-01	1.577419034936000219e+00
5.439191741904000343e-01	1.576627803749000023e+00
5.419981082060999489e-01	1.575823354281999933e+00
5.400857557281000254e-01	1.575005745846999927e+00
5.381820608395999628e-01	1.574175037279000211e+00
5.362869681398999555e-01	1.573331286943000062e+00
5.344004227398999607e-01	1.572474552746999876e+00
5.325223702526000746e-01	1.571604892131000186e+00
5.306527567891000663e-01	1.570722362084000068e+00
5.287915289514000250e-01	1.569827019150999980e+00
5.269386338257000535e-01	1.568918919425000169e+00
5.250940189771000632e-01	1.567998118567999866e+00
5.232576324425000092e-01	1.567064671801999820e+00
5.214294227265000581e-01	1.566118633918999858e+00
5.196093387935999397e-01	1.565160059292999950e+00
5.177973300636999898e-01	1.564189001868999895e+00
5.159933464056000174e-01	1.563205515177000127e+00
5.141973381326000458e-01	1.562209652341999711e+00
5.124092559958000059e-01	1.561201466074000122e+00
5.106290511797999532e-01	1.560181008685999959e+00
5.088566752964001072e-01	1.559148332086000011e+00
5.070920803805000210e-01	1.558103487789999964e+00
5.053352188834001613e-01	1.557046526921000096e+00
5.035860436703000209e-01	1.555977500219000165e+00
5.018445080121999302e-01	1.554896458038000029e+00
5.001105655836999286e-01	1.553803450351999960e+00
4.983841704565999953e-01	1.552698526761000064e+00
4.966652770958999707e-01	1.551581736491000063e+00
4.949538403545999943e-01	1.550453128402000003e+00
4.932498154703000570e-01	1.549312750990000209e+00
4.915531580583999971e-01	1.548160652383999913e+00
4.898638241105000013e-01	1.546996880362999871e+00
4.881817699873000072e-01	1.545821482347999876e+00
4.865069524165999693e-01	1.544634505408000180e+00
4.848393284877000053e-01	1.543435996264000298e+00
4.831788556475999918e-01	1.542226001296999938e+00
4.815254916964000209e-01	1.541004566541000376e+00
4.798791947841000161e-01	1.539771737693000020e+00
4.782399234064000915e-01	1.538527560124000049e+00
4.766076363996999410e-01	1.537272078856000146e+00
4.749822929388999304e-01	1.536005338594999881e+00
4.733638525323000112e-01	1.534727383721000038e+00
4.717522750180999647e-01	1.533438258282999955e+00
4.701475205611999608e-01	1.532138006013000098e+00
4.685495496491999812e-01	1.530826670329999972e+00
4.669583230882999869e-01	1.529504294331000214e+00
4.653738020006000231e-01	1.528170920807000011e+00
4.637959478204000119e-01	1.526826592231999902e+00
4.622247222902000630e-01	1.525471350783999869e+00
4.606600874576000093e-01	1.524105238323999911e+00
4.591020056724000042e-01	1.522728296423000005e+00
4.575504395825999993e-01	1.521340566345000145e+00
4.560053521318000458e-01	1.519942089061000257e+00
4.544667065548999574e-01	1.518532905247000020e+00
4.529344663764000023e-01	1.517113055287000023e+00
4.514085954062999617e-01	1.515682579271999897e+00
4.498890577373999555e-01	1.514241517010000093e+00
4.483758177412999757e-01	1.512789908020999885e+00
4.468688400674999395e-01	1.511327791544999855e+00
4.453680896380999843e-01	1.509855206540999806e+00
4.438735316466999592e-01	1.508372191686000008e+00
4.423851315539999440e-01	1.506878785383999997e+00
4.409028550868000496e-01	1.505375025760000041e+00
4.394266682333999863e-01	1.503860950676000119e+00
4.379565372413000146e-01	1.502336597712999877e+00
4.364924286154000521e-01	1.500802004190999961e+00
4.350343091144999730e-01	1.499257207155999971e+00
4.335821457489000830e-01	1.497702243398000066e+00
4.321359057778999535e-01	1.496137149439000114e+00
4.306955567063999735e-01	1.494561961546999829e+00
4.292610662835000257e-01	1.492976715716999969e+00
4.278324024992000152e-01	1.491381447703000074e+00
4.264095335827999267e-01	1.489776192994000104e+00
4.249924279992999265e-01	1.488160986822000043e+00
4.235810544474999939e-01	1.486535864178999855e+00
4.221753818582000273e-01	1.484900859799000106e+00
4.207753793910000151e-01	1.483256008162000095e+00
4.193810164324000556e-01	1.481601343516000258e+00
4.179922625931999924e-01	1.479936899844000120e+00
4.166090877070000031e-01	1.478262710902000121e+00
4.152314618267999857e-01	1.476578810188999835e+00
4.138593552236000117e-01	1.474885230981999751e+00
4.124927383844999573e-01	1.473182006292999890e+00
4.111315820094000317e-01	1.471469168916999859e+00
4.097758570104999554e-01	1.469746751399999996e+00
4.084255345084000233e-01	1.468014786062000088e+00
4.070805858314999748e-01	1.466273304974999858e+00
4.057409825129999481e-01	1.464522339995000255e+00
4.044066962897000517e-01	1.462761922733999853e+00
4.030776990996000064e-01	1.460992084573999872e+00
4.017539630793999228e-01	1.459212856678000048e+00
4.004354605634999897e-01	1.457424269971000275e+00
3.991221640815999505e-01	1.455626355151999896e+00
3.978140463568000107e-01	1.453819142702000189e+00
3.965110803040999832e-01	1.452002662870999883e+00
3.952132390282000474e-01	1.450176945686000085e+00
3.939204958211000585e-01	1.448342020956000065e+00
3.926328241621999671e-01	1.446497918262000137e+00
3.913501977137999743e-01	1.444644666971000024e+00
3.900725903220000346e-01	1.442782296225999961e+00
3.887999760132000437e-01	1.440910834956999897e+00
3.875323289930999726e-01	1.439030311873999990e+00
3.862696236448000531e-01	1.437140755465999842e+00
3.850118345273000342e-01	1.435242194016999928e+00
3.837589363733000525e-01	1.433334655584000084e+00
3.825109040884999700e-01	1.431418168026000082e+00
3.812677127498000362e-01	1.429492758967999988e+00
3.800293376023999303e-01	1.427558455844999852e+00
3.787957540598000383e-01	1.425615285865000192e+00
3.775669377015000161e-01	1.423663276029999869e+00
3.763428642717999706e-01	1.421702453137999811e+00
3.751235096778000044e-01	1.419732843768999997e+00
3.739088499881000338e-01	1.417754474297999945e+00
3.726988614321999904e-01	1.415767370898000088e+00
3.714935203969999544e-01	1.413771559523000265e+00
3.702928034272999769e-01	1.411767065928999809e+00
3.690966872238000129e-01	1.409753915668999991e+00
3.679051486405000015e-01	1.407732134079000108e+00
3.667181646852999966e-01	1.405701746299999888e+00
3.655357125172999933e-01	1.403662777266000194e+00
3.643577694456999749e-01	1.401615251706999965e+00
3.631843129281999705e-01	1.399559194143999985e+00
3.620153205700999410e-01	1.397494628912999914e+00
3.608507701233999998e-01	1.395421580121999794e+00
3.596906394837000032e-01	1.393340071696999916e+00
3.585349066908999904e-01	1.391250127353999888e+00
3.573835499270000549e-01	1.389151770605999925e+00
3.562365475146999638e-01	1.387045024769999912e+00
3.550938779167999715e-01	1.384929912964000032e+00
3.539555197337999615e-01	1.382806458094000046e+00
3.528214517039999776e-01	1.380674682877999881e+00
3.516916527014000149e-01	1.378534609829999757e+00
3.505661017350000241e-01	1.376386261259999966e+00
3.494447779470999382e-01	1.374229659286000160e+00
3.483276606126000652e-01	1.372064825818000156e+00
3.472147291375999867e-01	1.369891782573999794e+00
3.461059630582999924e-01	1.367710551070999925e+00
3.450013420397000097e-01	1.365521152620999823e+00
3.439008458754999609e-01	1.363323608344999993e+00
3.428044544841000185e-01	1.361117939160999768e+00
3.417121479114999527e-01	1.358904165788000107e+00
3.406239063277000101e-01	1.356682308744999954e+00
3.395397100250999722e-01	1.354452388355999792e+00
3.384595394199000351e-01	1.352214424738999998e+00
3.373833750488000049e-01	1.349968437814000000e+00
3.363111975686000621e-01	1.347714447308999919e+00
3.352429877559000015e-01	1.345452472742999950e+00
3.341787265050000233e-01	1.343182533440999915e+00
3.331183948279999862e-01	1.340904648523000064e+00
3.320619738517999187e-01	1.338618836912999877e+00
3.310094448199000228e-01	1.336325117334999923e+00
3.299607890896000262e-01	1.334023508303000094e+00
3.289159881309999811e-01	1.331714028138999861e+00
3.278750235267000046e-01	1.329396694963000058e+00
3.268378769706000164e-01	1.327071526686000036e+00
3.258045302664999698e-01	1.324738541019999882e+00
3.247749653280999627e-01	1.322397755482000115e+00
3.237491641779000062e-01	1.320049187368000032e+00
3.227271089448000008e-01	1.317692853789000029e+00
3.217087818651999664e-01	1.315328771631999905e+00
3.206941652811000076e-01	1.312956957596000063e+00
3.196832416389999709e-01	1.310577428161999958e+00
3.186759934896000179e-01	1.308190199617999872e+00
3.176724034868000368e-01	1.305795288023000156e+00
3.166724543863000396e-01	1.303392709249999948e+00
3.156761290453999891e-01	1.300982478953999877e+00
3.146834104219000117e-01	1.298564612579000244e+00
3.136942815732999823e-01	1.296139125358000133e+00
3.127087256553999772e-01	1.293706032320999899e+00
3.117267259227999854e-01	1.291265348273000102e+00
3.107482657262999881e-01	1.288817087813999951e+00
3.097733285138000170e-01	1.286361265330000281e+00
3.088018978285999583e-01	1.283897894988000221e+00
3.078339573082999880e-01	1.281426990743999905e+00
3.068694906846999859e-01	1.278948566329000114e+00
3.059084817829999525e-01	1.276462635261999878e+00
3.049509145203000426e-01	1.273969210838000077e+00
3.039967729056000101e-01	1.271468306132999881e+00
3.030460410387999515e-01	1.268959934002000134e+00
3.020987031096000197e-01	1.266444107069000014e+00
3.011547433968000398e-01	1.263920837744999970e+00
3.002141462687999973e-01	1.261390138203999811e+00
2.992768961808000006e-01	1.258852020394999993e+00
2.983429776754999985e-01	1.256306496040000109e+00
2.974123753817000115e-01	1.253753576624000221e+00
2.964850740142999652e-01	1.251193273408000017e+00
2.955610583731000385e-01	1.248625597410000010e+00
2.946403133414000064e-01	1.246050559413000025e+00
2.937228238869000196e-01	1.243468169965999959e+00
2.928085750596999826e-01	1.240878439376999820e+00
2.918975519922999973e-01	1.238281377710000131e+00
2.909897398983000150e-01	1.235676994783999838e+00
2.900851240717000623e-01	1.233065300178000090e+00
2.891836898875999595e-01	1.230446303214000059e+00
2.882854228000999997e-01	1.227820012971000185e+00
2.873903083414000026e-01	1.225186438272999778e+00
2.864983321224999768e-01	1.222545587689999991e+00
2.856094798317999617e-01	1.219897469534000134e+00
2.847237372341000494e-01	1.217242091854999986e+00
2.838410901705000211e-01	1.214579462447999969e+00
2.829615245572999482e-01	1.211909588836000085e+00
2.820850263860000262e-01	1.209232478279000045e+00
2.812115817223000414e-01	1.206548137761000117e+00
2.803411767055000170e-01	1.203856574005000013e+00
2.794737975469999691e-01	1.201157793446000044e+00
2.786094305315000019e-01	1.198451802245999787e+00
2.777480620150999946e-01	1.195738606281000038e+00
2.768896784250000076e-01	1.193018211151000152e+00
2.760342662584999718e-01	1.190290622156999989e+00
2.751818120833999792e-01	1.187555844315000053e+00
2.743323025359999390e-01	1.184813882342000024e+00
2.734857243218000167e-01	1.182064740663999913e+00
2.726420642145000461e-01	1.179308423390999838e+00
2.718013090543999755e-01	1.176544934342000026e+00
2.709634457492999804e-01	1.173774277014999923e+00
2.701284612736000179e-01	1.170996454601999970e+00
2.692963426666000193e-01	1.168211469972999961e+00
2.684670770329000145e-01	1.165419325675000062e+00
2.676406515420000076e-01	1.162620023930999835e+00
2.668170534270000172e-01	1.159813566636000104e+00
2.659962699847999712e-01	1.156999955345999975e+00
2.651782885744999874e-01	1.154179191274000038e+00
2.643630966176999664e-01	1.151351275295000143e+00
2.635506815980000472e-01	1.148516207930999844e+00
2.627410310593000231e-01	1.145673989347999910e+00
2.619341326067000097e-01	1.142824619355000015e+00
2.611299739047999724e-01	1.139968097392999979e+00
2.603285426785000300e-01	1.137104422534999992e+00
2.595298267100000222e-01	1.134233593472000035e+00
2.587338138413000088e-01	1.131355608521999789e+00
2.579404919712000033e-01	1.128470465604000106e+00
2.571498490559999683e-01	1.125578162247000025e+00
2.563618731085000602e-01	1.122678695580999975e+00
2.555765521978000110e-01	1.119772062325000039e+00
2.547938744483999596e-01	1.116858258785999869e+00
2.540138280393000048e-01	1.113937280847000055e+00
2.532364012047999546e-01	1.111009123964999734e+00
2.524615822318999614e-01	1.108073783160000048e+00
2.516893594623000330e-01	1.105131253007999970e+00
2.509197212886999928e-01	1.102181527633999902e+00
2.501526561581000063e-01	1.099224600709999944e+00
2.493881525671999833e-01	1.096260465427000064e+00
2.486261990649999976e-01	1.093289114509999882e+00
2.478667842504999608e-01	1.090310540196999911e+00
2.471098967728999618e-01	1.087324734230999734e+00
2.463555253308999937e-01	1.084331687853999693e+00
2.456036586717000036e-01	1.081331391790999907e+00
2.448542855910000038e-01	1.078323836248999967e+00
2.441073949324999715e-01	1.075309010897000039e+00
2.433629755871999367e-01	1.072286904865000112e+00
2.426210164921000223e-01	1.069257506726999818e+00
2.418815066303000028e-01	1.066220804485000118e+00
2.411444350312999807e-01	1.063176785575999928e+00
2.404097907688000080e-01	1.060125436842000113e+00
2.396775629610000125e-01	1.057066744520999801e+00
2.389477407696999900e-01	1.054000694235999847e+00
2.382203134005999590e-01	1.050927270994999940e+00
2.374952701009999667e-01	1.047846459147000031e+00
2.367726001611999975e-01	1.044758242402999970e+00
2.360522929122000346e-01	1.041662603790999952e+00
2.353343377263000247e-01	1.038559525668999894e+00
2.346187240161000109e-01	1.035448989684999876e+00
2.339054412332999822e-01	1.032330976774999964e+00
2.331944788688999903e-01	1.029205467145999808e+00
2.324858264530000052e-01	1.026072440250999973e+00
2.317794735526000349e-01	1.022931874786999984e+00
2.310754097719999733e-01	1.019783748652999922e+00
2.303736247521999958e-01	1.016628038958000024e+00
2.296741081703999876e-01	1.013464721979000061e+00
2.289768497384999935e-01	1.010293773154999908e+00
2.282818392025999787e-01	1.007115167061999994e+00
2.275890663443000117e-01	1.003928877389999919e+00
2.268985209763999811e-01	1.000734876925200023e+00
2.262101929458000260e-01	9.975331375159000036e-01
2.255240721302000095e-01	9.943236300647999570e-01
2.248401484392999750e-01	9.911063244916998860e-01
2.241584118122999791e-01	9.878811897120000074e-01
2.234788522185000015e-01	9.846481936110998978e-01
2.228014596563999972e-01	9.814073030148999788e-01
2.221262241519999792e-01	9.781584836618000267e-01
2.214531357592000038e-01	9.749017001733999432e-01
2.207821845583000098e-01	9.716369160235001079e-01
2.201133606551000099e-01	9.683640935051999188e-01
2.194466541808999804e-01	9.650831936988000237e-01
2.187820552908999738e-01	9.617941764361001011e-01
2.181195541630999712e-01	9.584970002657999810e-01
2.174591409987000346e-01	9.551916224143999212e-01
2.168008060192000153e-01	9.518779987491999828e-01
2.161445394679999965e-01	9.485560837365000220e-01
2.154903316070999608e-01	9.452258304000000777e-01
2.148381727177000045e-01	9.418871902769000437e-01
2.141880530982000208e-01	9.385401133729001089e-01
2.135399630638000201e-01	9.351845481133000959e-01
2.128938929456999918e-01	9.318204412951001103e-01
2.122498330884000084e-01	9.284477380346999320e-01
2.116077738506000061e-01	9.250663817129000099e-01
2.109677056034999776e-01	9.216763139212998945e-01
2.103296187287000407e-01	9.182774744011000800e-01
2.096935036174999989e-01	9.148698009831000011e-01
2.090593506703000148e-01	9.114532295243000792e-01
2.084271502944000098e-01	9.080276938387999985e-01
2.077968929030999945e-01	9.045931256313000102e-01
2.071685689138000053e-01	9.011494544206000157e-01
2.065421687478000146e-01	8.976966074652998895e-01
2.059176828268000359e-01	8.942345096828997475e-01
2.052951015731999951e-01	8.907630835658000290e-01
2.046744154084000067e-01	8.872822490931999706e-01
2.040556147484000049e-01	8.837919236397000500e-01
2.034386900065000003e-01	8.802920218778000905e-01
2.028236315876000284e-01	8.767824556768000210e-01
2.022104298887000273e-01	8.732631339943999205e-01
2.015990752949999576e-01	8.697339627683000618e-01
2.009895581796000141e-01	8.661948447949999741e-01
2.003818689014000010e-01	8.626456796064999599e-01
1.997759978004000070e-01	8.590863633409000499e-01
1.991719351979999997e-01	8.555167886040999647e-01
1.985696713936000168e-01	8.519368443251000844e-01
1.979691966621000276e-01	8.483464156031000902e-01
1.973705012499999967e-01	8.447453835463999416e-01
1.967735753748999783e-01	8.411336251016999777e-01
1.961784092202999707e-01	8.375110128755001160e-01
1.955849929340000015e-01	8.338774149417000903e-01
1.949933166236000048e-01	8.302326946414000375e-01
1.944033703539000124e-01	8.265767103700000229e-01
1.938151441424000032e-01	8.229093153500999236e-01
1.932286279565000042e-01	8.192303573920000082e-01
1.926438117084000035e-01	8.155396786398000364e-01
1.920606852501999806e-01	8.118371153000000229e-01
1.914792383714999935e-01	8.081224973536000888e-01
1.908994607925000309e-01	8.043956482508999306e-01
1.903213421589000087e-01	8.006563845847999294e-01
1.897448720374000364e-01	7.969045157422000036e-01
1.891700399095000151e-01	7.931398435341999731e-01
1.885968351643999841e-01	7.893621617978000549e-01
1.880252470928000519e-01	7.855712559727000555e-01
1.874552648812000122e-01	7.817669026451999903e-01
1.868868776009000032e-01	7.779488690639999593e-01
1.863200742037999791e-01	7.741169126140000634e-01
1.857548435107000129e-01	7.702707802571999718e-01
1.851911742030999952e-01	7.664102079272000489e-01
1.846290548138000143e-01	7.625349198782001015e-01
1.840684737144999972e-01	7.586446279841999596e-01
1.835094191064000069e-01	7.547390309780001028e-01
1.829518790050999877e-01	7.508178136338999886e-01
1.823958412298999909e-01	7.468806458760000044e-01
1.818412933869000270e-01	7.429271818153000417e-01
1.812882228549999863e-01	7.389570587013000180e-01
1.807366167693000014e-01	7.349698957796999554e-01
1.801864620006999873e-01	7.309652930478999222e-01
1.796377451381000190e-01	7.269428298933000576e-01
1.790904524664000130e-01	7.229020636043000936e-01
1.785445699425999844e-01	7.188425277343999387e-01
1.780000831712000020e-01	7.147637303027000177e-01
1.774569773756000113e-01	7.106651518123999756e-01
1.769152373685999868e-01	7.065462430589000142e-01
1.763748475192000176e-01	7.024064227017999817e-01
1.758357917162999828e-01	6.982450745714000595e-01
1.752980533284999864e-01	6.940615446614000206e-01
1.747616151613999858e-01	6.898551377761000802e-01
1.742264594071999961e-01	6.856251137719999722e-01
1.736925675925999890e-01	6.813706833299000287e-01
1.731599205183000090e-01	6.770910031926999917e-01
1.726284981909000094e-01	6.727851707742000809e-01
1.720982797476000026e-01	6.684522180397001190e-01
1.715692433703999986e-01	6.640911045355000208e-01
1.710413661864000068e-01	6.597007094168001462e-01
1.705146241539000074e-01	6.552798223022999746e-01
1.699889919286000084e-01	6.508271327372999737e-01
1.694644427069000037e-01	6.463412180119000316e-01
1.689409480338000258e-01	6.418205290216000281e-01
1.684184775778000132e-01	6.372633737863999670e-01
1.678969988452000128e-01	6.326678981616999931e-01
1.673764768306000017e-01	6.280320631634001005e-01
1.668568735741000064e-01	6.233536181707000079e-01
1.663381475926999920e-01	6.186300690734001240e-01
1.658202531477999953e-01	6.138586401410000004e-01
1.653031392876999628e-01	6.090362279418000124e-01
1.647867485820000144e-01	6.041593449684999895e-01
1.642710154401000044e-01	5.992240494898000147e-01
1.637558638578999748e-01	5.942258562229000285e-01
1.632412043796000189e-01	5.891596190093999486e-01
1.627269299830000071e-01	5.840193705138999603e-01
1.622129104809000022e-01	5.787980925732000292e-01
1.616989848781000272e-01	5.734873696315000435e-01
1.611849509076000164e-01	5.680768377802999369e-01
1.606705506712999831e-01	5.625532664954999706e-01
1.601554508970000068e-01	5.568989669677000265e-01
1.596392157540000023e-01	5.510889485434000701e-01
1.591212693740999828e-01	5.450857258086999613e-01
1.586008441264999957e-01	5.388296890109000037e-01
1.580769091811000115e-01	5.322210614236999593e-01
1.575480717762999805e-01	5.250858604018000531e-01
1.570124406950999807e-01	5.171113903874999806e-01
1.564714843319000015e-01	4.789793561842000114e-01
1.559392449169000050e-01	4.295878032035000404e-01
1.554171303851999975e-01	3.910776477505999993e-01
1.549031989103000218e-01	3.586237220126000103e-01
1.543960187970999931e-01	3.304481958674000408e-01
1.538945288222999808e-01	3.055664438740000044e-01
1.533979372475000047e-01	2.833429970463000602e-01
1.529056487524000085e-01	2.633305105733000362e-01
1.524172115354999746e-01	2.451958589368000152e-01
1.519322789826999809e-01	2.286809668668000339e-01
1.514505818618000210e-01	2.135799521976999849e-01
1.509719081301000021e-01	1.997248194912000230e-01
1.504960882415000145e-01	1.869760119062999770e-01
1.500229844394000145e-01	1.752159007839000082e-01
1.495524829306000003e-01	1.643441422655000095e-01
1.490844881517000009e-01	1.542742697200999991e-01
1.486189185502000132e-01	1.449311323483000180e-01
1.481557034685999918e-01	1.362489300374999934e-01
1.476947808283000096e-01	1.281696788197999870e-01
1.472360954002999711e-01	1.206419940132000129e-01
1.467795975028000355e-01	1.136201121585000140e-01
1.463252420103000051e-01	1.070630954442999966e-01
1.458729875960000089e-01	1.009341776451800066e-01
1.454227961436000138e-01	9.520022125214000486e-02
1.449746322841999890e-01	8.983126301223000321e-02
1.445284630314999930e-01	8.480013051192999973e-02
1.440842574847999991e-01	8.008211641040000051e-02
1.436419865882999913e-01	7.565469987007000796e-02
1.432016229323999634e-01	7.149730694047000401e-02
1.427631405846999935e-01	6.759110333260001657e-02
1.423265149495999693e-01	6.391881431202998953e-02
1.418917226461000047e-01	6.046456744162000130e-02
1.414587414006999722e-01	5.721375469006000081e-02
1.410275499572000157e-01	5.415291104416000006e-02
1.405981279925000160e-01	5.126960725664000268e-02
1.401704560463999660e-01	4.855235475928999789e-02
1.397445154547999890e-01	4.599052109218000617e-02
1.393202882926999897e-01	4.357425446114999990e-02
1.388977573204999982e-01	4.129441624980999953e-02
1.384769059376000089e-01	3.914252048858000294e-02
1.380577181377999896e-01	3.711067942974000111e-02
1.376401784700999886e-01	3.519155449864998925e-02
1.372242720036000174e-01	3.337831199278000482e-02
1.368099842932000154e-01	3.166458298702999608e-02
1.363973013497000175e-01	3.004442697398000336e-02
1.359862096121000063e-01	2.851229883092000136e-02
1.355766959224000145e-01	2.706301875615000491e-02
1.351687475004000050e-01	2.569174486242999794e-02
1.347623519240999934e-01	2.439394815302999703e-02
1.343574971074000257e-01	2.316538963904000298e-02
1.339541712832000020e-01	2.200209938512999799e-02
1.335523629851999572e-01	2.090035729444000151e-02
1.331520610324000153e-01	1.985667546612999643e-02
1.327532545134000042e-01	1.886778197649000011e-02
1.323559327735999991e-01	1.793060595110999855e-02
1.319600854020000213e-01	1.704226380999000062e-02
1.315657022191999981e-01	1.620004657966999870e-02
1.311727732658000134e-01	1.540140817750000092e-02
1.307812887932000012e-01	1.464395458289000085e-02
1.303912392526000164e-01	1.392543381880999818e-02
1.300026152864000306e-01	1.324372667492000090e-02
1.296154077203000021e-01	1.259683810899000014e-02
1.292296075547000045e-01	1.198288927153999886e-02
1.288452059568999941e-01	1.140011010148999845e-02
1.284621942548000162e-01	1.084683244747999993e-02
1.280805639306000221e-01	1.032148367208999933e-02
1.277003066133000075e-01	9.822580701166001155e-03
1.273214140743000045e-01	9.348724483573000316e-03
1.269438782205999927e-01	8.898594829127000685e-03
1.265676910910999986e-01	8.470945596369999081e-03
1.261928448501000166e-01	8.064600203341999382e-03
1.258193317844999992e-01	7.678447437280999308e-03
1.254471442973999762e-01	7.311437541109999314e-03
1.250762749057000023e-01	6.962578556352999777e-03
1.247067162355000036e-01	6.630932903847999889e-03
1.243384610178999983e-01	6.315614185146999071e-03
1.239715020865999884e-01	6.015784188813999740e-03
1.236058323735999831e-01	5.730650087173000048e-03
1.232414449066000089e-01	5.459461810135999606e-03
1.228783328057000135e-01	5.201509583756000130e-03
1.225164892805999939e-01	4.956121622241000009e-03
1.221559076276999833e-01	4.722661962847000440e-03
1.217965812280000087e-01	4.500528434005999709e-03
1.214385035447999861e-01	4.289150747707999936e-03
1.210816681192999900e-01	4.087988707823999798e-03
1.207260685710000170e-01	3.896530526723999965e-03
1.203716985948999757e-01	3.714291243001000171e-03
1.200185519579999999e-01	3.540811233742000193e-03
1.196666224985999810e-01	3.375654815188000070e-03
1.193159041243000013e-01	3.218408926102000502e-03
1.189663908096000033e-01	3.068681888510000136e-03
1.186180765949000071e-01	2.926102240956000248e-03
1.182709555844000116e-01	2.790317639621999954e-03
1.179250219448999965e-01	2.660993823090000189e-03
1.175802699032999915e-01	2.537813636776999927e-03
1.172366937465999931e-01	2.420476113292999946e-03
1.168942878188999890e-01	2.308695605345000186e-03
1.165530465216999961e-01	2.202200967878999681e-03
1.162129643110999949e-01	2.100734786536999962e-03
1.158740356973999991e-01	2.004052649563999901e-03
1.155362552436999951e-01	1.911922460567999898e-03
1.151996175647999887e-01	1.824123789669999940e-03
1.148641173254000003e-01	1.740447260771999915e-03
1.145297492402999884e-01	1.660693972755000010e-03
1.141965080727999904e-01	1.584674952669000002e-03
1.138643886327000143e-01	1.512210638952000193e-03
1.135333857765999932e-01	1.443130392997999962e-03
1.132034944069999910e-01	1.377272037361999910e-03
1.128747094700999903e-01	1.314481419086000000e-03
1.125470259566000025e-01	1.254611996711999921e-03
1.122204388991000085e-01	1.197524449559999845e-03
1.118949433729999887e-01	1.143086308077999932e-03
1.115705344948000055e-01	1.091171603984999973e-03
1.112472074203000039e-01	1.041660539156000036e-03
1.109249573468999994e-01	9.944391721306998413e-04
1.106037795093000042e-01	9.493991212737998894e-04
1.102836691815999998e-01	9.064372836759002159e-04
1.099646216742999894e-01	8.654555688874000785e-04
1.096466323362000062e-01	8.263606466666999478e-04
1.093296965515000024e-01	7.890637079741999937e-04
1.090138097405000117e-01	7.534802384737000454e-04
1.086989673579000087e-01	7.195298038540999313e-04
1.083851648937000089e-01	6.871358463260999810e-04
1.080723978717000044e-01	6.562254916789000405e-04
1.077606618487999962e-01	6.267293663252000149e-04
1.074499524146000085e-01	5.985814237923000204e-04
1.071402651915000226e-01	5.717187801455999533e-04
1.068315958335999960e-01	5.460815578670999730e-04
1.065239400260999947e-01	5.216127377307999170e-04
1.062172934851000061e-01	4.982580182466999534e-04
1.059116519576999843e-01	4.759656822757999989e-04
1.056070112202999872e-01	4.546864704217000105e-04
1.053033670784000037e-01	4.343734608515999879e-04
1.050007153678000071e-01	4.149819551998000381e-04
1.046990519518999907e-01	3.964693702327999722e-04
1.043983727230999997e-01	3.787951349742000240e-04
1.040986736009999747e-01	3.619205930056999419e-04
1.037999505330000211e-01	3.458089096637999814e-04
1.035021994935000078e-01	3.304249838890000639e-04
1.032054164837999943e-01	3.157353644766999995e-04
1.029095975312999955e-01	3.017081705033000422e-04
1.026147386898999814e-01	2.883130157130999859e-04
1.023208360381000076e-01	2.755209366591000178e-04
1.020278856810999946e-01	2.633043244058999957e-04
1.017358837482000011e-01	2.516368596094000062e-04
1.014448263934999844e-01	2.404934508044000109e-04
1.011547097957000013e-01	2.298501757300999899e-04
1.008655301571999841e-01	2.196842255436000108e-04
1.005772837049999924e-01	2.099738517712999939e-04
1.002899666887999974e-01	2.006983158600999790e-04
1.000035753813599965e-01	1.918378411978000151e-04
9.971810607905000345e-02	1.833735674742000032e-04
9.943355510053999979e-02	1.752875072688999986e-04
9.914991878682999360e-02	1.675625047528000284e-04
9.886719350113000460e-02	1.601821963917000001e-04
9.858537562844001123e-02	1.531309735625999960e-04
9.830446157543999697e-02	1.463939469732000026e-04
9.802444777015999200e-02	1.399569128086000007e-04
9.774533066172000351e-02	1.338063205066999961e-04
9.746710672015999888e-02	1.279292420891999925e-04
9.718977243619000839e-02	1.223133429692999932e-04
9.691332432096000371e-02	1.169468541591000052e-04
9.663775890577000482e-02	1.118185458140000005e-04
9.636307274203000095e-02	1.069177020420000068e-04
9.608926240080999104e-02	1.022340969188300009e-04
9.581632447285999554e-02	9.775797164873000042e-05
9.554425556822998544e-02	9.348001281552998840e-05
9.527305231615999792e-02	8.939133166785000239e-05
9.500271136485999302e-02	8.548344439156000340e-05
9.473322938135000926e-02	8.174825331835999906e-05
9.446460305122998669e-02	7.817802902583999563e-05
9.419682907841998853e-02	7.476539328615000482e-05
9.392990418516999895e-02	7.150330282068001323e-05
9.366382511169998870e-02	6.838503382304000748e-05
9.339858861614999674e-02	6.540416721207999693e-05
9.313419147430999911e-02	6.255457458000999288e-05
9.287063047945999517e-02	5.983040480215999442e-05
9.260790244226999035e-02	5.722607127631000601e-05
9.234600419062000132e-02	5.473623976082999038e-05
9.208493256937999583e-02	5.235581678414999527e-05
9.182468444022999499e-02	5.007993859610000448e-05
9.156525668168000176e-02	4.790396063712999518e-05
9.130664618872999516e-02	4.582344749952000235e-05
9.104884987276000430e-02	4.383416335674000103e-05
9.079186466144001377e-02	4.193206284001998942e-05
9.053568749854000453e-02	4.011328233909999618e-05
9.028031534376000644e-02	3.837413170814000200e-05
9.002574517271999532e-02	3.671108635704999811e-05
8.977197397658001621e-02	3.512077971021000103e-05
8.951899876214999829e-02	3.359999601460000120e-05
8.926681655163000439e-02	3.214566348123000370e-05
8.901542438248000177e-02	3.075484774430000155e-05
8.876481930729999970e-02	2.942474562261000200e-05
8.851499839373999645e-02	2.815267916875999996e-05
8.826595872424999878e-02	2.693608999371000157e-05
8.801769739618998944e-02	2.577253385215999492e-05
8.777021152145000893e-02	2.465967547783000024e-05
8.752349822645999478e-02	2.359528365607000056e-05
8.727755465205999652e-02	2.257722652332999830e-05
8.703237795338999994e-02	2.160346708167999746e-05
8.678796529966001372e-02	2.067205892025000081e-05
8.654431387428000721e-02	1.978114213170999896e-05
8.630142087447000010e-02	1.892893941624999922e-05
8.605928351135999632e-02	1.811375236404000336e-05
8.581789900972999763e-02	1.733395790701000119e-05
8.557726460799000567e-02	1.658800493316000139e-05
8.533737755805999303e-02	1.587441105534999992e-05
8.509823512524000710e-02	1.519175952676000021e-05
8.485983458815000990e-02	1.453869629799000177e-05
8.462217323853998829e-02	1.391392720691000106e-05
8.438524838130000150e-02	1.331621529723999957e-05
8.414905733428998391e-02	1.274437825832999813e-05
8.391359742824000545e-02	1.219728598165000118e-05
8.367886600666998853e-02	1.167385822763999981e-05
8.344486042587000163e-02	1.117306239868000142e-05
8.321157805457998768e-02	1.069391141289000093e-05
8.297901627418999282e-02	1.023546167404000216e-05
8.274717247842000578e-02	9.796811133134000185e-06
8.251604407335999536e-02	9.377097438021000272e-06
8.228562847729999075e-02	8.975496165942998644e-06
8.205592312065999872e-02	8.591219136483999676e-06
8.182692544595000783e-02	8.223512800023998954e-06
8.159863290768000488e-02	7.871656698999998414e-06
8.137104297210999426e-02	7.534961998592999577e-06
8.114415311745000470e-02	7.212770083232000421e-06
8.091796083354999003e-02	6.904451216476999602e-06
8.069246362189999577e-02	6.609403260631999397e-06
8.046765899551999723e-02	6.327050454529000034e-06
8.024354447892999287e-02	6.056842245446999624e-06
8.002011760803000306e-02	5.798252173779000185e-06
7.979737593003000118e-02	5.550776807607999941e-06
7.957531700337000524e-02	5.313934724947999515e-06
7.935393839761999135e-02	5.087265541461000881e-06
7.913323769352000048e-02	4.870328981636000379e-06
7.891321248270000144e-02	4.662703991589999980e-06
7.869386036775000148e-02	4.463987891382998829e-06
7.847517896217999500e-02	4.273795565160000672e-06
7.825716589023000436e-02	4.091758687520999909e-06
7.803981878683000084e-02	3.917524983820000599e-06
7.782313529758000392e-02	3.750757524669999907e-06
7.760711307868999043e-02	3.591134050068000093e-06
7.739174979676000099e-02	3.438346325264999747e-06
7.717704312894999030e-02	3.292099524147999703e-06
7.696299076267000550e-02	3.152111640495999776e-06
7.674959039569999308e-02	3.018112925521000371e-06
7.653683973603001012e-02	2.889845349580000221e-06
7.632473650181001434e-02	2.767062088863999712e-06
7.611327842123999377e-02	2.649527033864999700e-06
7.590246323261999606e-02	2.537014320344000282e-06
7.569228868419000666e-02	2.429307880577000087e-06
